     BestFitnessAverageFitnessOnBestHalf
           81845         94680.6
         65148.1         82505.8
         65148.1         82505.8
         62189.5         69113.8
         59888.9         66374.7
         57821.7           64093
         53683.7         61272.9
         51463.9         58458.7
         49968.4         56378.2
         47745.6         54972.9
         45834.2           53845
         44384.8         51184.6
           43240         49849.9
         42547.5         48930.7
         41735.1         48518.5
         41468.8         48008.3
         40377.8         47422.7
         39256.6         46201.6
         38207.7         45770.2
         37889.4         44142.6
         36855.8         44002.6
         34924.9         43427.5
         34356.8         41650.4
         34238.7         40950.3
         33533.1         40463.6
           33422           40689
         33302.3         40190.5
         32642.4         40138.1
         32211.5         39284.7
         32211.5         39057.2
         32091.5         38718.3
         31884.6           39119
         31726.7           38970
         31726.7         39022.6
         31726.7         39443.3
         31693.1         39163.3
         31693.1         38980.2
         31693.1         39226.1
         31689.7         38633.7
         31689.7         38933.8
         31689.7         38551.7
         31685.6         38799.8
         31643.8         38905.9
         31643.8         38488.4
         31570.2         38642.6
         31570.2         38363.1
         31570.2         38897.4
         31495.5         38668.7
         31495.5         38587.1
         31322.3         38877.2
         31322.3           38493
         31322.3         38191.3
         31322.3         38434.4
         31023.7         38504.8
         30938.4         38276.2
         30938.4         38460.8
           30897         38239.3
         30871.8         38098.6
         30759.2         38234.2
         30759.2         37847.5
         30592.4         37778.4
         30315.9         37776.2
         30218.9         37776.5
         30218.9         37064.3
         30218.9         37707.8
         30218.9         37422.9
         30218.9         37619.6
         30218.9           37626
         30218.9         37455.4
         30218.9         37333.5
         30218.9         37886.4
         30218.9         37298.7
         30218.9         37560.2
         29796.3         37629.7
         29590.5         36806.7
         29590.5         36724.1
         29515.1         37286.7
         29317.7           37017
         29293.1         36543.1
         29293.1           36631
         29293.1         36864.7
         29198.5         36747.1
         29198.5         36287.1
         29198.5         36715.5
         29198.5         36386.7
         29198.5         36994.8
         29198.5         36536.3
         29198.5         36286.3
         29198.5         36447.9
         29198.5           36890
         29198.5         36915.6
         29198.5         36742.3
         29198.5         36688.1
         29198.5         36512.1
         29013.8         36475.4
         29013.8         35998.7
         28867.5         36118.4
         28867.5         35773.7
         28867.5         36291.4
         28287.2         36122.4
         28287.2           35693
         28287.2         35945.8
         28001.4         35852.1
         28001.4         35852.1
         28001.4         36547.6
         28001.4         36046.1
         28001.4           36181
         28001.4         35907.1
         27882.2         35968.5
         27882.2         35595.3
         27866.2         35494.4
         27866.2         36311.8
         27172.2         36035.7
         27172.2         35364.9
         27172.2         35262.6
         27172.2         34983.8
         27172.2         35225.2
         27172.2         34746.9
         27172.2         35120.5
         27172.2           34849
         27172.2         35003.3
         27172.2         35288.7
         27172.2           34996
         27172.2         34863.8
         27172.2         35492.8
         27172.2         35456.6
         27172.2         35334.3
         27172.2         35079.4
         27172.2         35402.6
         27172.2         35538.8
         27172.2         35030.8
         27172.2           35216
         27172.2         35159.4
         27172.2         35001.8
         27172.2         35262.2
         27172.2         34763.7
         27172.2         35122.8
         27172.2         34663.7
         27172.2         35819.3
         27172.2         35041.9
         27172.2         35084.4
         27172.2         34911.4
         27172.2         35322.8
         27172.2         34960.1
         27172.2         34631.9
         27172.2           35151
         27172.2         35116.1
         27172.2         34934.6
         27172.2         35062.2
         27172.2         35151.1
         27172.2         35046.6
         27172.2           35536
         27172.2         35484.2
         27172.2         35174.2
         27172.2         34711.4
         27172.2         35141.8
         27172.2         35348.7
         27172.2         35176.8
         27172.2         35505.8
         27142.5         34730.9
         26898.7         34722.3
         26898.7         35313.5
         26898.7         35419.7
         26898.7         35547.6
         26898.7           35330
         26898.7         35281.9
         26898.7         35034.4
         26823.8         35030.4
         26823.6         35029.6
         26823.6         34702.5
         26823.6         35325.2
         26823.6         35118.5
         26823.6         35082.4
         26823.6         34601.8
         26823.6         35008.2
         26823.6         34935.8
         26823.6         35046.5
         26823.6         34917.4
         26823.6         34954.4
         26823.6         35266.3
         26823.6         34888.9
         26823.6         35220.4
         26823.6         34986.6
         26823.6         34833.6
         26823.6           35046
         26823.6           35194
         26823.6         35010.8
         26823.6         34966.2
         26823.6         35201.8
         26823.6         34897.2
         26823.6         35262.4
         26823.6         34504.6
         26823.6         34633.5
         26823.6         34707.9
         26823.6         34985.9
         26823.6         35149.6
         26823.6           34711
         26823.6         34780.3
         26823.6         34957.4
         26823.6         34793.1
         26823.6           35365
         26823.6         34729.3
         26823.6         35312.5
         26823.6         35264.3
         26823.6         35264.3
         26823.6         34757.2
         26823.6           34805
         26823.6         34573.7
         26823.6           35046
         26823.6         35358.5
         26823.6         34736.9
         26823.6         35091.2
         26823.6         34893.3
         26823.6         35130.3
         26823.6         34785.5
         26823.6           35128
         26823.6         34435.8
         26823.6         34873.7
         26823.6         34820.9
         26823.6         34589.2
         26823.6         34839.4
         26823.6         35081.9
         26823.6         34769.7
         26823.6         35013.9
         26823.6         35029.2
         26823.6           35207
         26823.6         34930.6
         26823.6         34550.5
         26823.6         34342.5
         26823.6         34473.5
         26823.6         35406.8
         26823.6         34964.8
         26823.6         34959.1
         26626.5         35118.9
         26626.5         35680.7
         26626.5         34968.7
         26626.5         34927.1
         26626.5         35233.6
         26626.5         34415.3
         26626.5         34670.5
         26626.5         34852.2
         26626.5         34742.3
         26626.5         35158.5
         26626.5         34779.2
         26626.5         34611.1
         26626.5         34702.6
         26626.5         35007.9
         26626.5         34816.9
         26626.5         34719.4
         26626.5         34600.8
         26626.5         34725.4
         26626.5         34790.3
         26626.5         34577.9
         26626.5         34775.4
         26626.5         34911.2
         26626.5           35005
         26626.5         34636.8
         26626.5         34749.8
         26626.5         34787.3
         26626.5         35214.6
         26626.5         34677.2
         26626.5         34885.7
         26626.5         34427.4
           26514         35120.3
           26514         34688.9
           26514         34351.5
           26514         34891.9
           26514           34810
           26514         34843.6
           26514           35089
           26514         34860.7
           26514         34372.4
           26514         34338.2
           26514         34528.3
           26514         34406.2
           26514           34285
         26471.3         35065.6
         26471.3           34320
         26471.3         34461.7
         26471.3         34552.7
         26471.3         34178.8
         26471.3         34756.1
         26471.3         34858.6
         26471.3         34647.8
         26471.3         34609.5
         26471.3         33982.9
         26471.3         34622.9
         26471.3           34599
         26471.3         34318.1
         26471.3         34330.7
         26471.3         34502.8
         26471.3         34812.2
         26471.3         34770.9
         26471.3         34820.5
         26471.3         34793.7
         26471.3         34568.6
         26462.1         34517.2
         26462.1         34708.9
         26462.1         34863.6
         26462.1         34316.9
         26462.1         34442.8
         26462.1         34288.2
         26462.1         34398.2
         26462.1         34512.8
         26462.1         34582.5
         26462.1         34582.5
         26462.1         34481.8
         26462.1         33990.7
         26462.1         34487.8
         26462.1         34942.6
         26462.1           34579
         26462.1         34745.2
         26462.1         34228.8
         26462.1         34686.6
         26462.1         34486.7
         26462.1         34571.2
         26462.1         34621.3
         26462.1         35004.7
         26462.1         34240.9
         26462.1         34610.6
         26462.1         34848.1
         26462.1         34866.6
         26462.1         34895.4
         26462.1         34925.5
         26462.1         34683.6
         26462.1         34993.1
         26462.1         35255.3
         26462.1         34726.4
         26462.1         34737.6
         26462.1         34782.3
         26462.1         34649.9
         26462.1         34277.7
         26462.1         34521.9
         26462.1         34575.2
         26462.1         34384.1
         26462.1         34438.7
         26462.1         34742.5
         26462.1         34206.4
         26462.1         34197.7
         26462.1         34574.2
         26462.1         34717.2
         26462.1         35054.1
         26462.1         34333.7
         26462.1         34627.8
         26462.1         34644.8
         26462.1         34815.7
         26462.1         34580.5
         26462.1         34686.4
         26462.1         34444.9
         26462.1         34936.6
         26462.1         34701.3
         26462.1         35162.6
         26462.1         34684.9
         26462.1         34287.4
         26462.1           34860
         26462.1         34241.5
         26462.1           35129
         26462.1         34789.1
         26462.1         34875.3
         26462.1           34615
         26462.1         34519.3
         26462.1         34466.7
         26462.1         34774.9
         26462.1         34702.7
         26462.1         34739.6
         26462.1         34853.3
         26462.1         34537.1
         26462.1         34987.7
         26462.1         34524.4
         26462.1         34858.5
         26462.1         35027.7
         26462.1         34073.8
         26462.1         34431.7
         26462.1         34326.5
         26462.1         34988.1
         26462.1         35033.1
         26462.1         34594.8
         26462.1         34338.8
         26462.1         34960.9
         26462.1         34629.8
         26462.1         34736.5
         26462.1         34567.5
         26462.1         34502.9
         26462.1         34591.4
         26462.1         34044.8
         26462.1         34078.3
         26462.1         34360.7
         26462.1         34254.8
         26462.1         34464.5
         26462.1           34715
         26462.1         35025.4
         26462.1         34226.4
         26462.1         34526.4
         26462.1         34654.2
         26462.1         34692.2
         26462.1         34703.5
         26462.1         34265.2
         26462.1         34605.6
         26462.1         34588.5
         26462.1         34816.5
         26462.1         34499.4
         26462.1         34678.9
         26462.1           34525
         26462.1         34426.6
         26462.1         34601.2
         26462.1         34650.2
         26462.1         34650.2
         26462.1         34934.1
         26462.1         34855.5
         26462.1         34383.5
         26462.1         34881.6
         26462.1         34831.9
         26462.1         34620.3
         26462.1         34533.4
         26462.1         34862.9
         26462.1         34077.4
         26462.1         34699.2
         26462.1         34469.3
         26462.1         35272.3
         26462.1         34736.5
         26462.1         34558.7
         26462.1         34218.8
         26462.1         34388.4
         26462.1         34358.5
         26462.1         34468.7
         26462.1         34544.9
         26462.1         34025.8
         26462.1         34700.4
         26462.1         34320.7
         26462.1         34348.8
         26462.1         34436.5
         26462.1         34419.5
         26462.1         34594.3
         26462.1         34908.9
         26462.1         34568.5
         26462.1         34991.2
         26462.1         34674.5
         26462.1           34678
         26462.1         34690.8
         26462.1           34242
         26462.1         34425.5
         26462.1         34459.9
         26462.1         34681.9
         26462.1         34443.8
         26462.1         34060.5
         26462.1         34590.1
         26462.1         34469.4
         26462.1           34671
         26462.1         34500.6
         26462.1         34479.4
         26462.1           34484
         26462.1         34523.2
         26462.1         34239.2
         26462.1           34578
         26462.1         34516.4
         26462.1         34671.1
         26462.1         34576.8
         26462.1         34783.8
         26462.1           34397
         26462.1         34625.5
         26462.1         34876.4
         26462.1         34524.1
         26462.1         34290.4
         26462.1         34688.5
         26462.1         34879.7
         26462.1         34614.9
         26462.1         34813.5
         26462.1         34528.5
         26462.1         34935.2
         26462.1         34256.5
         26462.1         34448.3
         26462.1         35067.2
         26462.1         35048.7
         26462.1         34278.6
         26462.1         34536.7
         26462.1         34571.6
         26462.1         34619.2
         26462.1         34618.5
         26462.1           34753
         26462.1         34640.6
         26462.1         34955.6
         26462.1         34639.7
         26462.1         34881.1
         26462.1         34964.5
         26462.1         34603.9
         26462.1         34865.4
         26462.1         34661.6
         26462.1           34670
         26462.1         34911.8
         26462.1         34774.9
         26462.1         34176.7
         26462.1           34667
         26462.1         34256.5
         26462.1         34581.1
         26462.1         34762.5
         26462.1           34470
         26462.1         34524.7
         26462.1         34269.4
         26462.1         34474.5
         26462.1         34275.2
         26462.1         34583.9
         26462.1           35006
         26462.1         34580.3
         26462.1         34128.3
         26462.1         34580.8
         26462.1         34630.5
         26462.1         34470.8
         26462.1         34470.8
         26462.1         34350.4
         26462.1         35048.1
         26462.1         34458.4
         26462.1         34778.4
         26462.1         34771.2
         26462.1         34723.4
         26462.1           34606
         26462.1         34512.1
         26462.1         34708.2
         26462.1         34433.4
         26462.1         34666.9
         26462.1         34745.7
         26462.1           34368
         26462.1         34680.1
         26462.1         34496.1
         26462.1         34916.5
         26462.1         34442.2
         26462.1         34468.5
         26462.1         34392.4
         26462.1         35010.4
         26462.1         34658.5
         26462.1         34533.5
         26462.1         34744.8
         26462.1         34830.8
         26462.1         34666.8
         26462.1         34531.6
         26462.1         34307.7
         26462.1         34266.5
         26462.1           34366
         26462.1         34466.7
         26462.1         34371.7
         26462.1         34270.9
         26462.1         34603.6
         26462.1         35096.5
         26462.1         35378.8
         26462.1         34649.9
         26462.1         34718.8
         26462.1         34543.8
         26462.1         34396.3
         26462.1         34581.3
         26462.1         34297.9
         26462.1         34520.2
         26462.1         34419.9
         26462.1         34478.2
         26462.1         34842.7
         26462.1         34392.2
         26462.1         34500.7
         26462.1         34337.2
         26462.1         35248.4
         26462.1         34943.9
         26462.1         34712.3
         26462.1         34748.6
         26462.1         34915.6
         26462.1         34394.7
         26462.1         34665.9
         26462.1         34728.3
         26462.1         34456.5
         26462.1           34463
         26462.1         34486.8
         26462.1         34720.3
         26462.1         34819.3
         26462.1         34447.9
         26462.1         34418.5
         26462.1         34430.5
         26462.1         34850.3
         26462.1         34749.8
         26462.1         34773.9
         26462.1         34553.7
         26462.1         34570.1
         26462.1         34878.8
         26462.1           34700
         26462.1         34758.8
         26462.1         34881.1
         26462.1         34525.4
         26462.1         34798.3
         26462.1         34566.7
         26462.1         34888.6
         26462.1         34678.7
         26462.1         34676.2
         26462.1         34260.6
         26462.1         34312.8
         26462.1         34953.3
         26462.1         34215.8
         26462.1         34606.2
         26462.1         34932.7
         26462.1         34845.8
         26462.1         34285.5
         26462.1         34689.7
         26462.1         34289.1
         26462.1         34530.6
         26462.1           34340
         26462.1         34272.8
         26462.1           34551
         26462.1           34063
         26462.1         34885.1
         26462.1         34336.6
         26462.1         34629.1
         26462.1         35023.8
         26462.1         34656.1
         26462.1         34443.9
         26462.1         34443.9
         26462.1         34343.3
         26462.1         34749.9
         26462.1           34480
         26462.1         34209.2
         26462.1         34429.2
         26462.1         34843.3
         26462.1         34770.3
         26462.1         34463.8
         26462.1         34543.7
         26462.1         34864.1
         26462.1         34802.3
         26462.1         34867.9
         26462.1         34504.2
         26462.1         34603.5
         26462.1         34097.3
         26462.1         34840.3
         26462.1         34500.9
         26462.1         34561.7
         26462.1         34095.3
         26462.1         33920.4
         26462.1         34429.8
         26462.1         34565.9
         26462.1         34245.9
         26462.1         34356.6
         26462.1         34335.4
         26462.1         34588.8
         26462.1         34575.8
         26462.1         34540.3
         26462.1         34665.7
         26462.1         34511.2
         26462.1         34527.7
         26462.1         34907.6
         26462.1         34517.9
         26462.1         34585.8
         26462.1         34446.5
         26462.1         34415.4
         26462.1         34520.3
         26462.1         34750.2
         26462.1         34535.4
         26462.1         35025.1
         26462.1         34765.9
         26462.1         34795.4
         26462.1         34798.8
         26462.1         34523.8
         26462.1         34844.8
         26462.1         34480.1
         26462.1         34571.4
         26462.1         34435.1
         26462.1         34274.2
         26462.1         34709.1
         26462.1         34546.1
         26462.1         34637.4
         26462.1         34654.4
         26462.1         34459.3
         26462.1         34658.6
         26462.1         34405.8
         26462.1         34565.8
         26462.1         35118.2
         26462.1         34749.6
         26462.1         34990.8
         26462.1         34037.7
         26462.1         34571.5
         26462.1         34498.4
         26462.1         34339.1
         26462.1           34637
         26462.1         34733.5
         26462.1         34619.4
         26462.1         34904.5
         26462.1         34533.2
         26462.1         34443.6
         26462.1         34126.5
         26462.1         34778.9
         26462.1         34472.6
         26462.1         34940.6
         26462.1         34948.4
         26462.1           34820
         26462.1         34266.1
         26462.1         34955.6
         26462.1         35081.8
         26462.1         34104.6
         26462.1           34298
         26462.1         34720.1
         26462.1         34373.4
         26462.1         34640.3
         26462.1         34456.7
         26462.1         34833.7
         26462.1         34665.8
         26462.1         34640.9
         26462.1         34610.1
         26462.1         34826.9
         26462.1         34577.6
         26462.1         34546.6
         26462.1         34681.9
         26462.1         35037.1
         26462.1           34110
         26462.1         34943.1
         26462.1         34409.8
         26462.1         35030.3
         26462.1         34427.3
         26462.1         34801.7
         26462.1         34801.7
         26462.1         34901.1
         26462.1         34575.4
         26462.1         34907.7
         26462.1         34236.9
         26462.1         34213.8
         26462.1         34347.2
         26462.1         34425.3
         26462.1         34799.8
         26462.1         34723.7
         26462.1         34652.2
         26462.1         34697.1
         26462.1         34947.8
         26462.1         35080.1
         26462.1         34735.9
         26462.1         33753.4
         26462.1         34049.5
         26462.1         34118.9
         26462.1         34391.8
         26462.1           34815
         26462.1         34911.9
         26462.1         34970.9
         26462.1         34563.8
         26462.1           35099
         26462.1         34519.1
         26462.1         34517.4
         26462.1         34525.4
         26462.1         34522.6
         26462.1         34989.1
         26462.1         34445.6
         26462.1         34415.9
         26462.1         34747.3
         26462.1         34758.7
         26462.1         34545.8
         26462.1         34457.2
         26462.1         34359.5
         26462.1         34667.6
         26462.1         34362.8
         26462.1         34429.8
         26462.1         34399.8
         26462.1         34608.9
         26462.1         34640.6
         26462.1         34789.8
         26462.1         34733.9
         26462.1         35012.2
         26462.1         34388.7
         26462.1         34361.5
         26462.1         34195.5
         26462.1         34527.5
         26462.1         34669.9
         26462.1         34726.8
         26462.1         34263.5
         26462.1         34465.5
         26462.1           34644
         26462.1         34865.4
         26462.1         35107.4
         26462.1         34930.7
         26462.1         34287.9
         26462.1         34676.5
         26462.1         34700.4
         26462.1         34479.4
         26462.1         34285.7
         26462.1         34318.1
         26462.1         34163.3
         26462.1         34752.4
         26462.1           34571
         26462.1         34722.7
         26462.1         34495.9
         26462.1         35033.6
         26462.1         34225.9
         26462.1         34762.2
         26462.1         34799.6
         26462.1         34314.5
         26462.1         34889.7
         26462.1         34597.5
         26462.1           35196
         26462.1         35030.1
         26462.1         35105.2
         26462.1         34922.6
         26462.1         34832.5
         26462.1         35041.4
         26462.1         34569.3
         26462.1         34569.5
         26462.1         34601.5
         26462.1         34391.9
         26462.1         34367.4
         26462.1         34314.3
         26462.1         34760.9
         26462.1         34180.6
         26462.1         34553.4
         26462.1         34745.8
         26462.1         34763.9
         26462.1         34651.4
         26462.1         34818.9
         26462.1         34201.1
         26462.1         34002.7
         26462.1         34437.3
         26462.1         34550.2
         26462.1         34582.6
         26462.1         35192.2
         26462.1         34491.8
         26462.1         34491.8
         26462.1         34315.2
         26462.1         34741.8
         26462.1         34519.1
         26462.1         35077.3
         26462.1         34567.5
         26462.1         34411.1
         26462.1         34357.3
         26462.1         34766.5
         26462.1         34749.3
         26462.1         34873.1
         26462.1         34525.3
         26462.1         34769.1
         26462.1         34559.3
         26462.1         34655.5
         26462.1         34837.3
         26462.1         34742.9
         26462.1         34938.4
         26462.1         34772.8
         26462.1         34585.3
         26462.1         34468.3
         26462.1         34492.6
         26462.1         34550.1
         26462.1         34799.8
         26462.1         34659.3
         26462.1         34597.2
         26462.1         34257.1
         26462.1         34857.7
         26462.1         34980.3
         26462.1         34466.7
         26462.1         34311.6
         26462.1           34369
         26462.1         34786.8
         26462.1         34860.7
         26462.1         34741.1
         26462.1           34777
         26462.1         34616.9
         26462.1         34694.2
         26462.1         34916.9
         26462.1         34895.3
         26462.1         34948.2
         26462.1         34736.6
         26462.1         34639.7
         26462.1         35111.4
         26462.1         34373.7
         26462.1         34610.1
         26462.1         34504.9
         26462.1         34638.8
         26462.1         34810.9
         26462.1         34562.1
         26462.1         34144.7
         26462.1         34611.7
         26462.1         34946.5
         26462.1         34774.7
         26462.1         34361.9
         26462.1         34284.8
         26462.1         34565.3
         26462.1         34572.5
         26462.1         34885.5
         26462.1         34231.9
         26462.1         35021.1
         26462.1         34283.7
         26462.1         34500.2
         26462.1         34852.4
         26462.1         34333.8
         26462.1         34764.3
         26462.1         34260.7
         26462.1         34950.2
         26462.1         34433.9
         26462.1         34926.6
         26462.1         34639.6
         26462.1         34557.5
         26462.1         35040.5
         26462.1         34757.9
         26462.1         34962.4
         26462.1         34501.2
         26462.1         34786.9
         26462.1         34890.3
         26462.1         34706.8
         26462.1           34684
         26462.1         34940.4
         26462.1         34239.3
         26462.1         34870.1
         26462.1         34701.1
         26462.1         34438.8
         26462.1         34660.7
         26462.1         34486.7
         26462.1         34670.5
         26462.1         34491.7
         26462.1         34410.5
         26462.1         34618.6
         26462.1         34524.5
         26462.1         34375.2
         26462.1         34208.7
         26462.1         34374.7
         26462.1         34406.1
         26462.1         34397.7
         26462.1         34954.2
         26462.1         34872.5
         26462.1         34932.4
         26462.1           33915
         26462.1           33915
         26462.1         34461.2
         26462.1         34172.3
         26462.1         34750.6
         26462.1         34975.8
         26462.1         34246.6
         26462.1         34305.4
         26462.1         34630.3
         26462.1         34333.3
         26462.1           34437
         26462.1         34554.7
         26462.1         34352.3
         26462.1         34631.1
         26462.1         34354.3
         26462.1         34515.1
         26462.1         34737.5
         26462.1         34371.5
         26462.1         34909.9
         26462.1         34664.9
         26462.1         34429.3
         26462.1         34345.3
         26462.1           34644
         26462.1         34628.3
         26462.1         34929.6
         26462.1         34942.5
         26462.1         34720.6
         26462.1           34383
         26462.1         34198.3
         26462.1         34289.5
         26462.1         34849.7
         26462.1           34592
         26462.1         34723.7
         26462.1         34489.4
         26462.1         34688.2
         26462.1           34703
         26462.1         34599.1
         26462.1           34829
         26462.1         34293.3
         26462.1         34414.7
         26462.1         34733.3
         26462.1         34854.8
         26462.1         34513.6
         26462.1         34437.9
         26462.1         34668.5
         26462.1         34385.4
         26462.1         34683.8
         26462.1         34881.9
         26462.1           34712
         26462.1         34605.3
         26462.1         34429.7
         26462.1           34224
         26462.1         34087.5
         26462.1         34734.1
         26462.1         34561.6
         26462.1         34396.6
         26462.1         34804.4
         26462.1         34430.7
         26462.1         34660.5
         26462.1           34651
         26462.1         34299.9
         26462.1         34661.6
         26462.1         34270.7
         26462.1         34678.4
         26462.1         34576.4
         26462.1         34432.9
         26462.1         34741.4
         26462.1         34718.8
         26462.1         34441.6
         26462.1         34584.1
         26462.1         34304.7
         26462.1         34723.5
         26462.1           34566
         26462.1         34718.6
         26462.1         34446.6
         26462.1         34495.9
         26462.1         34826.8
         26462.1         34695.6
         26462.1         34623.1
         26462.1         34485.7
         26462.1         35018.9
         26462.1         34301.3
         26462.1         34690.8
         26462.1         34959.3
         26462.1           34597
         26462.1         34736.8
         26462.1         34566.6
         26462.1         34304.9
         26462.1           34511
         26462.1         34773.6
         26462.1         34757.9
         26462.1         34695.5
         26462.1         34376.2
         26462.1         34548.1
         26462.1         34239.6
         26462.1         34513.2
         26462.1         34605.9
         26462.1         34278.9
         26462.1         34285.6
         26462.1         35090.2
         26462.1         34808.5
