     BestFitnessAverageFitnessOnBestHalf
         72346.5         94672.4
         67653.2         75015.6
         67653.2         75015.6
         60395.1         70489.3
           57353         64396.4
         55141.2         61167.6
         50896.3         58701.8
         50563.4         56165.9
         48006.8         55297.5
         45489.7         52851.2
         44869.7         51046.4
         44374.5         50298.4
         43577.3         50116.9
         43190.8         49525.3
         42810.6         49498.5
         42551.1         49420.5
           41231         49004.3
         40890.8         48402.5
           40708         47851.7
         40647.9         47534.1
         40508.2         47732.4
           40123         47722.7
         39577.3         47060.5
         39021.1         46119.5
         37990.5         45549.7
         37782.7         44937.9
         35943.9           44929
         35903.7         43269.4
         34718.4         42336.1
         34482.6         42264.6
         33945.6         41666.1
           33880         40987.6
           33825         41429.2
         33603.2         42229.1
         33365.7         41140.9
         33338.8         40577.6
         33086.2         40955.8
         33020.9         40150.1
         33001.5         39914.3
         32787.5         39891.1
         32622.2         40300.7
         32622.2           39646
         32247.6         40025.2
         32201.9         39773.2
         32153.4         39282.1
           31927         39955.5
         31843.7         39557.3
         31843.7           39366
         31843.7         39634.8
         31817.5         39836.8
         31817.5         39735.7
         31810.4         39713.9
         31642.4         39790.5
         31642.4         39506.7
         31434.6         39262.1
         31434.6         39282.1
         31434.6         39021.6
         31434.6           39474
         31434.6         39401.4
         31434.6         39065.6
         31434.6         39044.2
         31368.1         39274.9
         31368.1         39546.5
         31368.1         39416.8
         30994.4         39349.9
         30936.1         38907.2
         30936.1         39169.1
         30849.6         39217.4
         30849.6         39108.6
         30849.6         38500.5
         30849.6         38416.2
           30778         38570.3
           30778         38687.9
           30778         38754.6
           30778         38767.4
           30618         38932.2
         29722.4         38442.9
         29722.4         38029.1
         29722.4         38255.4
         29508.9         38182.7
           29357           38202
           29357         37803.5
           29357         37844.4
         29098.7         37733.6
         28518.8           37422
         28518.8         36407.4
         28518.8         36369.2
         28518.8         35757.2
         28518.8         36158.7
         28518.8         36158.1
         28518.8         35929.5
         28518.8         36826.9
         28518.8         36485.1
         28518.8         35655.1
           28333         36146.8
           28333         36356.3
           28333         36146.5
           28333           36073
           28333         36197.5
         28001.4         35794.1
         28001.4         35799.5
         28001.4         36343.2
         28001.4         35861.8
         28001.4         35861.8
         28001.4         35875.2
         28001.4         36042.3
         28001.4         35993.5
         27866.2         35544.4
         27866.2         35952.9
         27866.2         35982.3
         27866.2         36746.3
         27866.2         35775.6
         27866.2         36198.9
         27866.2         35987.9
         27866.2         36321.3
         27866.2         35872.1
         27866.2         36007.6
         27866.2         35684.9
         27866.2           35740
         27866.2         35916.2
         27866.2         35802.3
         27866.2         35677.8
         27866.2         36044.9
         27866.2         36224.5
         27854.1         35770.9
         27854.1         35794.7
         27854.1         35995.5
         27854.1           35935
         27854.1         35747.9
         27854.1           36182
         27854.1         36169.6
         27854.1         35975.5
         27854.1         35720.2
         27854.1         36287.6
         27854.1         35666.1
         27854.1         35902.9
         27854.1         35821.2
         27854.1         35913.7
         27854.1         35844.8
         27854.1           35734
         27854.1         36056.6
         27854.1         35821.3
         27854.1         36245.7
         27854.1         36178.1
         27854.1         36403.6
         27854.1         36233.5
         27854.1           36216
         27854.1         35711.5
         27854.1           36010
         27854.1           35515
         27854.1         35809.4
         27854.1         36123.7
         27854.1         36209.1
         27092.2         36108.7
         27092.2           35202
         27032.7         35049.6
         27032.7         34956.5
         27032.7         35073.8
         27032.7           35170
         27032.7         35430.7
         26983.5         35293.4
         26983.5           35144
         26983.5         35429.8
         26983.5         35201.7
         26983.5         35632.3
         26983.5         34743.1
         26983.5         35501.5
         26983.5         34691.1
         26983.5         34901.7
         26983.5         34926.3
         26983.5         35329.4
         26983.5         35557.9
         26983.5           35168
         26983.5         36045.7
         26983.5         34923.5
         26983.5         35471.9
         26983.5         34907.9
         26983.5         35374.7
         26983.5         35578.4
         26983.5         35238.3
         26983.5         35354.4
         26983.5         34986.8
         26983.5           34705
         26983.5           35190
         26983.5         35223.4
         26983.5         35384.7
         26983.5         34913.9
         26983.5         34841.5
         26983.5         34737.9
         26983.5         35253.6
         26983.5         35526.9
         26983.5         35043.8
         26983.5         35181.2
         26983.5         35161.9
         26983.5         35409.1
         26983.5         35138.9
         26983.5         34872.5
         26983.5         35301.5
         26983.5         35142.3
         26983.5         35113.6
         26983.5         35430.9
         26983.5         35374.9
         26983.5         34625.8
         26823.6           34927
         26823.6           34927
         26823.6         34933.4
         26823.6         34983.4
         26823.6         34732.7
         26823.6         35037.8
         26784.7         34821.6
         26784.7         34615.5
         26784.7         34509.5
         26784.7         34717.5
         26784.7         34525.9
         26784.7         34619.4
         26784.7         35490.2
         26784.7         34740.7
         26784.7         34863.5
         26784.7         35205.5
         26784.7         34738.8
         26784.7         34755.8
         26784.7         34242.1
         26784.7         34987.5
         26784.7         34939.8
         26784.7         34643.7
         26784.7         35321.8
         26784.7         34713.6
         26784.7         35361.7
         26784.7         35210.7
         26784.7         35347.7
         26784.7         34495.4
         26784.7         34570.9
         26784.7         35090.9
         26784.7         35066.7
         26668.4         34871.6
         26668.4         34612.8
         26668.4         34842.5
         26668.4         34720.1
         26471.3         34653.5
         26471.3         35233.9
         26471.3         34974.4
         26471.3         34755.3
         26471.3         34586.1
         26471.3         34618.5
         26471.3         34792.7
         26471.3         35026.7
         26462.1           34521
         26462.1         34793.2
         26462.1         34472.4
         26462.1         34792.5
         26462.1         34858.5
         26462.1         34347.5
         26462.1         34667.8
         26462.1         34544.4
         26462.1         34669.7
         26462.1           34536
         26462.1         34688.9
         26462.1         34312.6
         26462.1         34578.7
         26462.1         34152.4
         26462.1         34295.1
         26462.1         34631.5
         26462.1         34645.5
         26462.1         34465.2
         26462.1         34382.5
         26462.1         34550.6
         26462.1         34616.6
         26462.1         34483.7
         26462.1         34472.8
         26462.1         34754.4
         26462.1         34565.9
         26462.1         34801.5
         26462.1         34541.2
         26462.1         35044.5
         26462.1         34745.6
         26462.1         34716.2
         26462.1         34418.1
         26462.1         34584.4
         26462.1         34383.2
         26462.1         34486.3
         26462.1         34279.8
         26462.1         34795.3
         26462.1         34917.5
         26462.1         34840.5
         26462.1         34829.8
         26462.1         34845.2
         26462.1         34725.9
         26462.1         34832.1
         26462.1         34529.2
         26462.1         34417.8
         26462.1         34509.7
         26462.1         34323.1
         26462.1         34599.3
         26462.1         34536.5
         26462.1         34318.4
         26462.1         34916.1
         26462.1         34075.7
         26462.1         34854.5
         26462.1         34756.4
         26462.1         34510.5
         26462.1         34480.4
         26462.1         34622.1
         26462.1         34088.2
         26462.1           34653
         26462.1         34523.7
         26462.1         34523.7
         26462.1         34639.8
         26462.1         34450.5
         26462.1         34582.4
         26462.1         34394.6
         26462.1         34883.4
         26462.1         34019.1
         26462.1         34330.7
         26462.1         34331.3
         26462.1         34593.7
         26462.1         34891.9
         26462.1         34683.1
         26462.1         34654.4
         26462.1         34762.3
         26462.1         34847.5
         26462.1           35045
         26462.1         34812.2
         26462.1         34403.1
         26462.1         34661.2
         26462.1           34665
         26462.1           34779
         26462.1         34593.8
         26462.1         34273.7
         26462.1         34694.5
         26462.1         34853.2
         26462.1         34620.6
         26462.1         34365.6
         26462.1         34691.9
         26462.1         34627.3
         26462.1         34169.9
         26462.1         34675.4
         26462.1         34519.2
         26462.1         34564.4
         26462.1           34214
         26462.1         34576.3
         26462.1         34633.7
         26462.1         34952.4
         26462.1         34379.9
         26462.1         34771.4
         26462.1         34520.3
         26462.1         34674.5
         26462.1         34637.5
         26462.1         34638.4
         26462.1         34406.5
         26462.1         34499.6
         26462.1         34585.4
         26462.1         34636.1
         26462.1         34250.9
         26462.1           34343
         26462.1         34707.9
         26462.1         34688.6
         26462.1         34860.1
         26462.1         35012.6
         26462.1         34696.5
         26462.1         34786.7
         26462.1         34176.1
         26462.1         34933.4
         26462.1         34405.8
         26462.1         34988.4
         26462.1         34866.7
         26462.1         34537.8
         26462.1         34630.3
         26462.1         34221.7
         26462.1         34331.8
         26462.1         34638.7
         26462.1         34261.5
         26462.1           34669
         26462.1         34814.6
         26462.1         34895.1
         26462.1         34532.4
         26462.1         34468.7
         26462.1         34558.9
         26462.1         34673.3
         26462.1           34219
         26462.1         34837.2
         26462.1         35000.4
         26462.1         34568.5
         26462.1         34972.9
         26462.1         34704.4
         26462.1           34674
         26462.1         35010.9
         26462.1         34741.4
         26462.1         34419.2
         26462.1         34569.2
         26462.1         34674.8
         26462.1         34440.8
         26462.1         34574.3
         26462.1         34370.8
         26462.1         34807.9
         26462.1           34985
         26462.1           34843
         26462.1         34817.6
         26462.1         35034.3
         26462.1         34579.3
         26462.1         34615.4
         26462.1         34408.4
         26462.1         34610.1
         26462.1         34524.2
         26462.1         34067.9
         26462.1         34565.2
         26462.1         34843.9
         26462.1         34843.9
         26462.1         34913.4
         26462.1           34661
         26462.1         34673.9
         26462.1         34361.3
         26462.1         34612.2
         26462.1         34668.3
         26462.1           34870
         26462.1           34600
         26462.1         34446.7
         26462.1         34533.9
         26462.1           34503
         26462.1         34256.5
         26462.1         35142.5
         26462.1         34470.9
         26462.1         34460.9
         26462.1         34739.4
         26462.1         34337.9
         26462.1           35150
         26462.1         34916.8
         26462.1         35370.6
         26462.1         35032.4
         26462.1           34749
         26462.1         34446.5
         26462.1         34182.6
         26462.1         34669.6
         26462.1         34653.2
         26462.1         34667.4
         26462.1         34275.6
         26462.1           34641
         26462.1           34544
         26462.1         34403.7
         26462.1         34697.8
         26462.1         34857.5
         26462.1         34661.5
         26462.1         34692.4
         26462.1         34692.7
         26462.1         35177.1
         26462.1         34549.1
         26462.1         34345.4
         26462.1         34067.8
         26462.1         34412.5
         26462.1         34746.2
         26462.1         34740.5
         26462.1         34538.1
         26462.1           34683
         26462.1         34526.3
         26462.1         35054.1
         26462.1         34814.6
         26462.1         34150.1
         26462.1         34204.6
         26462.1         34782.8
         26462.1         34658.4
         26462.1         34454.6
         26462.1           34657
         26462.1         34685.2
         26462.1         34507.9
         26462.1           34451
         26462.1         34914.2
         26462.1         34754.6
         26462.1         34777.2
         26462.1         34664.4
         26462.1         34345.9
         26462.1         34423.9
         26462.1         34594.3
         26462.1           34767
         26462.1         34587.6
         26462.1         34344.9
         26462.1         34322.8
         26462.1         34804.7
         26462.1         34971.5
         26462.1         34377.4
         26462.1         34780.1
         26462.1         34274.9
         26462.1           34422
         26462.1         34827.3
         26462.1         34224.6
         26462.1         34688.2
         26462.1           34519
         26462.1         33945.2
         26462.1         34510.3
         26462.1         34484.2
         26462.1         34540.6
         26462.1           34351
         26462.1         34705.4
         26462.1         34736.1
         26462.1         34790.3
         26462.1         34680.3
         26462.1         34896.1
         26462.1         34973.1
         26462.1         34635.9
         26462.1         34506.3
         26462.1         34862.9
         26462.1         34552.6
         26462.1         34948.6
         26462.1         34881.2
         26462.1         34640.8
         26462.1         34549.9
         26462.1         34285.2
         26462.1         34543.9
         26462.1         34596.8
         26462.1         34596.8
         26462.1         34631.9
         26462.1         34639.1
         26462.1         34685.4
         26462.1           35187
         26462.1           34857
         26462.1         35033.9
         26462.1         34048.1
         26462.1         34796.2
         26462.1         34746.7
         26462.1         34556.4
         26462.1         34503.2
         26462.1         34546.7
         26462.1         34432.7
         26462.1         34609.3
         26462.1         34386.5
         26462.1         34795.8
         26462.1         34299.9
         26462.1         34377.6
         26462.1         34533.7
         26462.1         34752.8
         26462.1         34672.2
         26462.1         34833.3
         26462.1         34616.4
         26462.1         34767.2
         26462.1         34703.9
         26462.1         34683.7
         26462.1         34642.8
         26462.1         34751.5
         26462.1         34566.4
         26462.1         34856.5
         26462.1         34372.2
         26462.1         34901.8
         26462.1           34512
         26462.1         35028.2
         26462.1         34894.1
         26462.1         34661.6
         26462.1         34357.2
         26462.1         34690.6
         26462.1         34627.9
         26462.1         34835.2
         26462.1         34677.6
         26462.1         35206.7
         26462.1           34717
         26462.1         34765.9
         26462.1         34578.6
         26462.1         34549.4
         26462.1         34299.1
         26462.1         34986.2
         26462.1         34669.9
         26462.1           34884
         26462.1         34090.1
         26462.1         34613.9
         26462.1         34571.2
         26462.1         34398.3
         26462.1         34469.2
         26462.1         34444.5
         26462.1         34754.8
         26462.1         34649.4
         26462.1         34222.4
         26462.1         34543.3
         26462.1         34822.1
         26462.1           34618
         26462.1         34602.4
         26462.1         34820.3
         26462.1         34464.7
         26462.1         34318.6
         26462.1           34447
         26462.1         34810.5
         26462.1         34581.7
         26462.1         34526.4
         26462.1         34731.4
         26462.1         34480.9
         26462.1         34889.2
         26462.1         34861.8
         26462.1         34597.5
         26462.1         34893.6
         26462.1         34729.5
         26462.1         34360.2
         26462.1         34405.4
         26462.1           34728
         26462.1         34777.2
         26462.1         34511.2
         26462.1         34791.9
         26462.1         34354.9
         26462.1         34211.7
         26462.1         34537.6
         26462.1         34313.3
         26462.1           34497
         26462.1           34538
         26462.1         34661.4
         26462.1         34942.6
         26462.1         34412.8
         26462.1         34549.5
         26462.1         34529.8
         26462.1         34618.4
         26462.1         34229.5
         26462.1         34822.4
         26462.1         34954.4
         26462.1         34751.2
         26462.1         34370.1
         26462.1         34370.1
         26462.1         34364.4
         26462.1         34619.6
         26462.1         33991.3
         26462.1         34330.2
         26462.1         34572.3
         26462.1         34711.5
         26462.1         34238.7
         26462.1         34112.4
         26462.1         34357.1
         26462.1         34499.2
         26462.1         34377.8
         26462.1         34713.2
         26462.1         34722.5
         26462.1         34485.4
         26462.1         34822.5
         26462.1         35022.8
         26462.1         34303.4
         26462.1         33848.2
         26462.1         34748.3
         26462.1         34547.7
         26462.1         34767.2
         26462.1         34102.4
         26462.1         34374.1
         26462.1         34465.2
         26462.1         34565.9
         26462.1           34677
         26462.1         34427.9
         26462.1         34988.6
         26462.1         34484.8
         26462.1         34238.9
         26462.1         34358.7
         26462.1         34565.8
         26462.1         34381.9
         26462.1         34816.6
         26462.1         34834.4
         26462.1         34628.5
         26462.1         34661.3
         26462.1         34456.1
         26462.1           34274
         26462.1         34750.5
         26462.1         34993.3
         26462.1         35119.8
         26462.1           34737
         26462.1         34719.4
         26462.1         34545.1
         26462.1         34581.1
         26462.1         34444.7
         26462.1         34935.2
         26462.1         34226.7
         26462.1         34535.2
         26462.1         34699.6
         26462.1         33896.2
         26462.1         34389.8
         26462.1         34981.3
         26462.1         34988.7
         26462.1         34810.5
         26462.1         34286.7
         26462.1         34689.9
         26462.1         34403.6
         26462.1         34403.3
         26462.1         34149.8
         26462.1         34208.1
         26462.1         34752.9
         26462.1         34253.7
         26462.1         34435.8
         26462.1         34380.2
         26462.1           34079
         26462.1         35207.2
         26462.1         34657.5
         26462.1         34950.8
         26462.1         34906.3
         26462.1         34190.4
         26462.1         34005.2
         26462.1         34848.9
         26462.1         34652.6
         26462.1         34366.7
         26462.1         34190.2
         26462.1         34358.8
         26462.1         34639.3
         26462.1         34514.6
         26462.1         34913.6
         26462.1         34364.5
         26462.1           34811
         26462.1         34538.3
         26462.1         34705.2
         26462.1         34915.4
         26462.1           34205
         26462.1         34714.2
         26462.1         34738.8
         26462.1         34926.8
         26462.1         34558.2
         26462.1         34713.2
         26462.1           34440
         26462.1         34663.7
         26462.1         34391.8
         26462.1         34708.3
         26462.1           34508
         26462.1         34430.1
         26462.1         34276.7
         26462.1           34501
         26462.1           34501
         26462.1         34462.9
         26462.1         34677.5
         26462.1         34748.6
         26462.1         34655.8
         26462.1         34507.1
         26462.1           34800
         26462.1         34783.2
         26462.1         34634.2
         26462.1         34303.2
         26462.1         34752.7
         26462.1         34899.2
         26462.1         34840.3
         26462.1         34362.1
         26462.1         34981.9
         26462.1         34684.6
         26462.1           34993
         26462.1         34388.4
         26462.1         34343.9
         26462.1         34671.9
         26462.1           34306
         26462.1         34674.9
         26462.1         34468.5
         26462.1         34139.3
         26462.1         34300.7
         26462.1         34553.9
         26462.1         35008.5
         26462.1         34349.7
         26462.1         34737.5
         26462.1         34249.4
         26462.1         34531.2
         26462.1         34405.8
         26462.1         34912.5
         26462.1         35334.4
         26462.1         34897.2
         26462.1         34725.8
         26462.1         34863.3
         26462.1         34642.2
         26462.1         34774.2
         26462.1         34725.9
         26462.1           34180
         26462.1         34512.2
         26462.1         34732.4
         26462.1         35095.5
         26462.1         34288.5
         26462.1         34535.8
         26462.1         34324.3
         26462.1           34474
         26462.1         34346.1
         26462.1         34086.6
         26462.1         34462.8
         26462.1         34706.5
         26462.1         34484.7
         26462.1         35097.8
         26462.1         34772.1
         26462.1         34822.7
         26462.1         34802.7
         26462.1         34538.6
         26462.1         34799.9
         26462.1           35485
         26462.1         34977.6
         26462.1         34403.4
         26462.1         34857.5
         26462.1         34222.2
         26462.1         34525.4
         26462.1         34176.4
         26462.1         34440.7
         26462.1         34703.3
         26462.1         34369.6
         26462.1         34451.4
         26462.1         34970.4
         26462.1         34436.3
         26462.1         34583.8
         26462.1           34544
         26462.1         34999.6
         26462.1         34696.4
         26462.1         34288.8
         26462.1         34714.3
         26462.1           34592
         26462.1         35129.9
         26462.1           34693
         26462.1         34492.2
         26462.1         34338.6
         26462.1         34327.8
         26462.1         34818.8
         26462.1         34459.3
         26462.1         34725.5
         26462.1         35061.8
         26462.1         34563.2
         26462.1         34836.6
         26462.1         34655.9
         26462.1         34865.5
         26462.1         34125.3
         26462.1         34565.8
         26462.1         35030.6
         26462.1         34792.5
         26462.1           34424
         26462.1           34868
         26462.1         34329.2
         26462.1         34568.4
         26462.1         34369.2
         26462.1         34369.2
         26462.1           34249
         26462.1         35009.4
         26462.1         34554.3
         26462.1         34471.1
         26462.1         34716.1
         26462.1         34498.5
         26462.1         34358.1
         26462.1         34614.3
         26462.1         34878.4
         26462.1         34558.3
         26462.1         34975.2
         26462.1         34264.4
         26462.1         34632.3
         26462.1         34742.4
         26462.1         34287.5
         26462.1         34388.9
         26462.1         34669.3
         26462.1         34581.6
         26462.1         34834.4
         26462.1         34718.5
         26462.1         34625.7
         26462.1         34727.4
         26462.1         34891.8
         26462.1         34608.6
         26462.1         34591.4
         26462.1         34827.7
         26462.1         34629.1
         26462.1         34401.3
         26462.1         34419.5
         26462.1         34476.8
         26462.1         34460.3
         26462.1         34984.5
         26462.1           34641
         26462.1         34600.8
         26462.1         34255.9
         26462.1         34582.5
         26462.1           34211
         26462.1         34595.2
         26462.1         34730.7
         26462.1         34713.3
         26462.1         34630.5
         26462.1         34795.5
         26462.1         34362.8
         26462.1         34639.9
         26462.1         34604.6
         26462.1         34422.4
         26462.1         34289.2
         26462.1         34892.1
         26462.1         34522.8
         26462.1           34684
         26462.1         34656.7
         26462.1         34384.1
         26462.1         34695.2
         26462.1         34466.4
         26462.1           34931
         26462.1         34732.2
         26462.1           35066
         26462.1         34321.8
         26462.1         34329.6
         26462.1         34702.8
         26462.1         34845.9
         26462.1           34227
         26462.1         34391.6
         26462.1         34085.5
         26462.1           34688
         26462.1         34960.9
         26462.1         34320.7
         26462.1         33975.2
         26462.1         34371.1
         26462.1         34676.6
         26462.1           34796
         26462.1         34613.4
         26462.1         34997.1
         26462.1           34625
         26462.1         34527.5
         26462.1         34999.3
         26462.1         34581.7
         26462.1         34526.1
         26462.1         34455.3
         26462.1         34854.4
         26462.1         34431.5
         26462.1         34622.8
         26462.1         34611.6
         26462.1         34474.1
         26462.1         34594.1
         26462.1         34502.7
         26462.1         35042.6
         26462.1         34439.1
         26462.1         34636.6
         26462.1         35003.1
         26462.1         34921.8
         26462.1         34426.8
         26462.1         34687.2
         26462.1         34653.1
         26462.1         34784.1
         26462.1         34507.6
         26462.1           34824
         26462.1         34589.6
         26462.1         34254.2
         26462.1           34402
         26462.1           34402
         26462.1         34723.8
         26462.1         34621.7
         26462.1         34404.6
         26462.1         34941.9
         26462.1         34026.4
         26462.1         34823.1
         26462.1         34822.4
         26462.1           34254
         26462.1         34632.5
         26462.1           34529
         26462.1         34475.2
         26462.1         34606.8
         26462.1         34558.6
         26462.1         34929.7
         26462.1         34761.2
         26462.1         34852.9
         26462.1         34290.7
         26462.1         34372.8
         26462.1         34476.6
         26462.1         34646.8
         26462.1         34336.4
         26462.1           34401
         26462.1         34471.6
         26462.1         35209.3
         26462.1         34735.8
         26462.1         34655.9
         26462.1         35069.7
         26462.1         34708.3
         26462.1         34845.8
         26462.1         34458.1
         26462.1           34332
         26462.1         34931.8
         26462.1         34519.7
         26462.1           35111
         26462.1         34236.2
         26462.1         34336.8
         26462.1         34292.1
         26462.1         34587.1
         26462.1         34544.7
         26462.1           34677
         26462.1         34716.1
         26462.1           34576
         26462.1         34131.3
         26462.1         34600.5
         26462.1         34471.5
         26462.1           34420
         26462.1         34365.6
         26462.1         34432.7
         26462.1         34110.1
         26462.1         34401.9
         26462.1         34352.5
         26462.1         34655.6
         26462.1         34778.3
         26462.1         34818.4
         26462.1         34836.3
         26462.1         34247.3
         26462.1         34353.9
         26462.1         34674.2
         26462.1         34416.6
         26462.1         34663.4
         26462.1         35053.5
         26462.1         34692.3
         26462.1         34550.9
         26462.1         34689.1
         26462.1         34560.9
         26462.1         34397.3
         26462.1           33958
         26462.1         34534.7
         26462.1         35143.2
         26462.1         34549.9
         26462.1         34176.8
         26462.1         34154.8
         26462.1         34946.3
         26462.1         34570.4
         26462.1           34210
         26462.1           34339
         26462.1         34476.6
         26462.1         34928.8
         26462.1         34528.1
         26462.1         34491.2
         26462.1         34295.4
         26462.1         34586.6
         26462.1         34500.2
         26462.1         34571.9
         26462.1         34728.2
         26462.1           34754
         26462.1           34629
         26462.1           34398
         26462.1         34667.3
         26462.1         34670.7
         26462.1         34636.3
         26462.1         34423.4
         26462.1         34936.8
         26462.1         34762.5
         26462.1         34426.7
         26462.1         34237.2
         26462.1         34440.9
         26462.1         34526.6
         26462.1           34298
