 energy_errors
     0.0631094
     0.0501915
     0.0456662
     0.0181771
     0.0158434
      0.022718
     0.0249408
     0.0120744
       0.01442
    0.00667796
     0.0071276
    0.00789987
    0.00387515
    0.00294766
    0.00306404
    0.00338284
    0.00188996
    0.00191019
    0.00463485
    0.00257688
    0.00323996
    0.00261763
    0.00267211
    0.00360178
    0.00326626
    0.00251021
    0.00344852
    0.00488837
     0.0037121
    0.00292385
    0.00260551
    0.00334148
    0.00424459
    0.00263827
    0.00578634
    0.00268704
     0.0056624
    0.00479793
    0.00219071
     0.0061744
    0.00348222
    0.00277069
    0.00823401
    0.00440404
    0.00217156
    0.00270983
    0.00436743
    0.00325806
    0.00206558
    0.00573718
    0.00526585
     0.0033646
    0.00289043
    0.00297122
    0.00649903
    0.00222171
    0.00736079
     0.0026382
    0.00727885
      0.010939
    0.00531795
     0.0029462
    0.00332665
    0.00306011
    0.00241789
    0.00283287
    0.00258149
    0.00262389
    0.00604746
    0.00459276
    0.00801578
    0.00262996
      0.010303
    0.00658416
     0.0045073
    0.00527296
    0.00571086
    0.00522167
    0.00222234
    0.00261353
    0.00396009
    0.00399662
     0.0023925
    0.00281428
    0.00487033
    0.00322091
     0.0042866
    0.00360039
    0.00422391
    0.00244534
     0.0128443
    0.00235105
    0.00394874
    0.00200669
    0.00348073
     0.0104178
    0.00564628
    0.00380407
    0.00915263
    0.00240463
    0.00874123
    0.00283686
    0.00273157
    0.00222091
    0.00537795
    0.00487884
    0.00349785
    0.00272423
    0.00200276
    0.00278744
    0.00251087
     0.0110458
    0.00384229
    0.00806678
    0.00257552
    0.00244043
    0.00519676
    0.00385048
    0.00295977
    0.00253746
     0.0043546
    0.00478471
    0.00254648
    0.00344016
    0.00392164
    0.00237753
    0.00386417
    0.00526675
    0.00654934
    0.00365342
    0.00417316
    0.00458498
    0.00363698
    0.00392303
    0.00455336
    0.00403018
    0.00261747
    0.00391356
    0.00304224
    0.00219332
    0.00333239
    0.00572989
    0.00584263
    0.00472419
    0.00460475
    0.00495901
    0.00493539
      0.002807
    0.00508646
    0.00278288
    0.00401069
    0.00536265
    0.00400659
     0.0101986
    0.00219113
    0.00408964
    0.00324126
    0.00328289
    0.00257401
    0.00215934
     0.0031077
    0.00764131
    0.00259282
    0.00448735
    0.00261085
    0.00487916
    0.00223429
    0.00421752
    0.00368949
    0.00477253
    0.00244176
    0.00325438
    0.00503443
     0.0040017
    0.00389121
    0.00339068
    0.00553715
    0.00228248
    0.00678319
    0.00364678
    0.00215609
    0.00552971
    0.00245005
    0.00367496
    0.00305541
    0.00625185
    0.00363128
    0.00917749
    0.00401871
    0.00638821
    0.00833993
    0.00337626
    0.00950664
    0.00735996
    0.00615267
    0.00929961
    0.00365272
    0.00279669
    0.00612073
     0.0025589
    0.00340894
    0.00401265
    0.00411062
      0.004565
    0.00396184
    0.00318989
     0.0044816
    0.00309301
    0.00241427
    0.00219573
    0.00199545
    0.00295523
    0.00476467
    0.00418209
    0.00277734
    0.00762607
    0.00446904
    0.00492796
    0.00532427
    0.00614076
     0.0027598
    0.00389301
    0.00402014
    0.00339161
    0.00341504
    0.00248692
    0.00293547
    0.00220398
    0.00344687
     0.0027114
    0.00248012
     0.0040095
    0.00285399
    0.00657052
    0.00239332
    0.00343853
    0.00221188
    0.00472051
    0.00231981
    0.00544863
    0.00695594
    0.00241305
     0.0026607
    0.00287845
    0.00848287
     0.0032178
    0.00220251
    0.00712797
    0.00306423
    0.00235533
    0.00292853
    0.00295274
    0.00299671
    0.00267143
    0.00261044
    0.00231838
    0.00701484
    0.00252737
     0.0029853
    0.00372969
    0.00391529
    0.00531783
    0.00330746
    0.00372456
    0.00377264
    0.00523283
    0.00987785
    0.00364491
    0.00307701
     0.0031332
    0.00400939
    0.00458716
    0.00282151
    0.00305848
    0.00369061
    0.00325295
    0.00281237
     0.0059154
    0.00311747
    0.00280621
    0.00272513
    0.00376136
    0.00364457
    0.00354866
     0.0069014
    0.00255015
    0.00275544
    0.00485296
    0.00578829
    0.00215228
     0.0048851
    0.00306871
     0.0051718
    0.00746685
     0.0062661
    0.00414168
    0.00457375
    0.00260523
    0.00279624
    0.00294001
    0.00930777
     0.0020928
    0.00616702
    0.00206532
     0.0122085
    0.00541328
    0.00188317
    0.00585989
    0.00248649
    0.00396707
    0.00746922
    0.00595397
    0.00175641
    0.00217406
    0.00217044
    0.00280362
    0.00597121
    0.00264093
    0.00252697
    0.00369864
    0.00728502
    0.00422572
    0.00358976
    0.00242507
    0.00265164
    0.00759086
    0.00350157
    0.00318378
    0.00569796
    0.00305138
     0.0037806
    0.00285614
    0.00400478
    0.00483603
    0.00183781
    0.00292954
    0.00280952
     0.0043157
    0.00245684
    0.00248421
    0.00619077
      0.003066
    0.00312552
    0.00343246
    0.00417857
      0.002043
    0.00226885
    0.00311036
    0.00955645
     0.0026801
    0.00192351
    0.00278828
    0.00323854
    0.00246073
    0.00798739
     0.0034046
    0.00368477
    0.00211745
     0.0023887
    0.00241825
    0.00874826
    0.00240081
    0.00626715
     0.0030138
    0.00708749
    0.00289218
    0.00511581
    0.00671023
    0.00290278
    0.00618806
    0.00308324
    0.00373704
    0.00216721
    0.00523362
    0.00309443
    0.00288615
     0.0042405
    0.00762857
    0.00532881
    0.00552638
    0.00362975
    0.00525958
    0.00324633
    0.00336979
    0.00304503
    0.00593471
    0.00674574
    0.00279476
    0.00525227
    0.00604652
    0.00208084
    0.00535789
    0.00361082
    0.00375482
    0.00231899
    0.00303363
    0.00313819
     0.0045932
    0.00294448
    0.00969432
    0.00278299
