              mu	           sigma	          energy	      acceptance	
        0.938447	         1.00125	     5.07167e+09	               1	
         0.92342	        0.920409	     1.34201e+09	               1	
        0.842602	        0.857796	     -1.4167e+09	               1	
        0.828905	        0.843328	    -1.69221e+09	               1	
        0.828905	        0.843328	    -1.69221e+09	             0.8	
        0.828905	        0.843328	    -1.69221e+09	        0.666667	
        0.789096	        0.809177	    -2.72441e+09	        0.714286	
        0.789096	        0.809177	    -2.72441e+09	           0.625	
        0.736389	        0.716067	    -3.86766e+09	        0.666667	
        0.736389	        0.716067	    -3.86766e+09	             0.6	
        0.736389	        0.716067	    -3.86766e+09	        0.545455	
         0.77007	        0.679672	    -4.23815e+09	        0.583333	
         0.85758	        0.628515	    -4.34955e+09	        0.615385	
        0.829284	        0.619495	    -4.36934e+09	        0.642857	
        0.829284	        0.619495	    -4.36934e+09	             0.6	
        0.762644	        0.595119	    -4.37819e+09	           0.625	
        0.762644	        0.595119	    -4.37819e+09	        0.588235	
        0.762644	        0.595119	    -4.37819e+09	        0.555556	
        0.762644	        0.595119	    -4.37819e+09	        0.526316	
        0.762644	        0.595119	    -4.37819e+09	             0.5	
        0.762644	        0.595119	    -4.37819e+09	         0.47619	
        0.762644	        0.595119	    -4.37819e+09	        0.454545	
        0.762644	        0.595119	    -4.37819e+09	        0.434783	
        0.762644	        0.595119	    -4.37819e+09	        0.416667	
        0.762644	        0.595119	    -4.37819e+09	             0.4	
        0.762644	        0.595119	    -4.37819e+09	        0.384615	
        0.762644	        0.595119	    -4.37819e+09	         0.37037	
        0.762644	        0.595119	    -4.37819e+09	        0.357143	
        0.762644	        0.595119	    -4.37819e+09	        0.344828	
        0.762644	        0.595119	    -4.37819e+09	        0.333333	
        0.762644	        0.595119	    -4.37819e+09	        0.322581	
        0.762644	        0.595119	    -4.37819e+09	          0.3125	
        0.792007	        0.649991	    -4.41364e+09	        0.333333	
        0.792007	        0.649991	    -4.41364e+09	        0.323529	
        0.792007	        0.649991	    -4.41364e+09	        0.314286	
        0.792007	        0.649991	    -4.41364e+09	        0.305556	
        0.792007	        0.649991	    -4.41364e+09	        0.297297	
        0.792007	        0.649991	    -4.41364e+09	        0.289474	
        0.792007	        0.649991	    -4.41364e+09	        0.282051	
        0.792007	        0.649991	    -4.41364e+09	           0.275	
        0.792007	        0.649991	    -4.41364e+09	        0.268293	
        0.792007	        0.649991	    -4.41364e+09	        0.261905	
        0.792007	        0.649991	    -4.41364e+09	        0.255814	
        0.792007	        0.649991	    -4.41364e+09	            0.25	
        0.792007	        0.649991	    -4.41364e+09	        0.244444	
        0.792007	        0.649991	    -4.41364e+09	         0.23913	
        0.792007	        0.649991	    -4.41364e+09	        0.234043	
        0.792007	        0.649991	    -4.41364e+09	        0.229167	
        0.792007	        0.649991	    -4.41364e+09	         0.22449	
        0.792007	        0.649991	    -4.41364e+09	            0.22	
        0.792007	        0.649991	    -4.41364e+09	        0.215686	
        0.792007	        0.649991	    -4.41364e+09	        0.211538	
        0.792007	        0.649991	    -4.41364e+09	        0.207547	
        0.792007	        0.649991	    -4.41364e+09	        0.203704	
        0.792007	        0.649991	    -4.41364e+09	             0.2	
        0.792007	        0.649991	    -4.41364e+09	        0.196429	
        0.792007	        0.649991	    -4.41364e+09	        0.192982	
        0.792007	        0.649991	    -4.41364e+09	        0.189655	
        0.792007	        0.649991	    -4.41364e+09	        0.186441	
        0.792007	        0.649991	    -4.41364e+09	        0.183333	
        0.792007	        0.649991	    -4.41364e+09	        0.180328	
        0.792007	        0.649991	    -4.41364e+09	        0.177419	
        0.792007	        0.649991	    -4.41364e+09	        0.174603	
        0.792007	        0.649991	    -4.41364e+09	        0.171875	
        0.792007	        0.649991	    -4.41364e+09	        0.169231	
        0.817411	        0.617794	    -4.43899e+09	        0.181818	
        0.817411	        0.617794	    -4.43899e+09	        0.179104	
        0.817411	        0.617794	    -4.43899e+09	        0.176471	
        0.817411	        0.617794	    -4.43899e+09	        0.173913	
        0.817411	        0.617794	    -4.43899e+09	        0.171429	
        0.817411	        0.617794	    -4.43899e+09	        0.169014	
        0.817411	        0.617794	    -4.43899e+09	        0.166667	
        0.817411	        0.617794	    -4.43899e+09	        0.164384	
        0.817411	        0.617794	    -4.43899e+09	        0.162162	
        0.817411	        0.617794	    -4.43899e+09	            0.16	
        0.817411	        0.617794	    -4.43899e+09	        0.157895	
        0.817411	        0.617794	    -4.43899e+09	        0.155844	
        0.817411	        0.617794	    -4.43899e+09	        0.153846	
        0.817411	        0.617794	    -4.43899e+09	        0.151899	
        0.817411	        0.617794	    -4.43899e+09	            0.15	
        0.817411	        0.617794	    -4.43899e+09	        0.148148	
        0.817411	        0.617794	    -4.43899e+09	        0.146341	
        0.817411	        0.617794	    -4.43899e+09	        0.144578	
        0.817411	        0.617794	    -4.43899e+09	        0.142857	
        0.817411	        0.617794	    -4.43899e+09	        0.141176	
        0.817411	        0.617794	    -4.43899e+09	        0.139535	
        0.817411	        0.617794	    -4.43899e+09	        0.137931	
        0.817411	        0.617794	    -4.43899e+09	        0.136364	
        0.817411	        0.617794	    -4.43899e+09	        0.134831	
        0.817411	        0.617794	    -4.43899e+09	        0.133333	
        0.817411	        0.617794	    -4.43899e+09	        0.131868	
        0.817411	        0.617794	    -4.43899e+09	        0.130435	
        0.817411	        0.617794	    -4.43899e+09	        0.129032	
        0.817411	        0.617794	    -4.43899e+09	         0.12766	
        0.817411	        0.617794	    -4.43899e+09	        0.126316	
        0.817411	        0.617794	    -4.43899e+09	           0.125	
        0.817411	        0.617794	    -4.43899e+09	        0.123711	
        0.817411	        0.617794	    -4.43899e+09	        0.122449	
        0.817411	        0.617794	    -4.43899e+09	        0.121212	
        0.817411	        0.617794	    -4.43899e+09	            0.12	
        0.817411	        0.617794	    -4.43899e+10	               0	
        0.817411	        0.617794	    -4.43899e+10	               0	
        0.831337	        0.602746	    -4.44577e+10	        0.333333	
        0.831337	        0.602746	    -4.44577e+10	            0.25	
        0.831337	        0.602746	    -4.44577e+10	             0.2	
        0.831337	        0.602746	    -4.44577e+10	        0.166667	
        0.831337	        0.602746	    -4.44577e+10	        0.142857	
        0.831337	        0.602746	    -4.44577e+10	           0.125	
        0.831337	        0.602746	    -4.44577e+10	        0.111111	
        0.831337	        0.602746	    -4.44577e+10	             0.1	
        0.831337	        0.602746	    -4.44577e+10	       0.0909091	
        0.831337	        0.602746	    -4.44577e+10	       0.0833333	
        0.831337	        0.602746	    -4.44577e+10	       0.0769231	
        0.831337	        0.602746	    -4.44577e+10	       0.0714286	
        0.831337	        0.602746	    -4.44577e+10	       0.0666667	
        0.831337	        0.602746	    -4.44577e+10	          0.0625	
        0.831337	        0.602746	    -4.44577e+10	       0.0588235	
        0.831337	        0.602746	    -4.44577e+10	       0.0555556	
        0.831337	        0.602746	    -4.44577e+10	       0.0526316	
        0.831337	        0.602746	    -4.44577e+10	            0.05	
        0.831337	        0.602746	    -4.44577e+10	        0.047619	
        0.831337	        0.602746	    -4.44577e+10	       0.0454545	
        0.831337	        0.602746	    -4.44577e+10	       0.0434783	
        0.831337	        0.602746	    -4.44577e+10	       0.0416667	
        0.831337	        0.602746	    -4.44577e+10	            0.04	
        0.831337	        0.602746	    -4.44577e+10	       0.0384615	
        0.831337	        0.602746	    -4.44577e+10	        0.037037	
        0.831337	        0.602746	    -4.44577e+10	       0.0357143	
        0.831337	        0.602746	    -4.44577e+10	       0.0344828	
        0.831337	        0.602746	    -4.44577e+10	       0.0333333	
        0.831337	        0.602746	    -4.44577e+10	       0.0322581	
        0.831337	        0.602746	    -4.44577e+10	         0.03125	
        0.831337	        0.602746	    -4.44577e+10	        0.030303	
        0.831337	        0.602746	    -4.44577e+10	       0.0294118	
        0.831337	        0.602746	    -4.44577e+10	       0.0285714	
        0.831337	        0.602746	    -4.44577e+10	       0.0277778	
        0.831337	        0.602746	    -4.44577e+10	        0.027027	
        0.831337	        0.602746	    -4.44577e+10	       0.0263158	
        0.831337	        0.602746	    -4.44577e+10	        0.025641	
        0.831337	        0.602746	    -4.44577e+10	           0.025	
        0.831337	        0.602746	    -4.44577e+10	       0.0243902	
        0.831337	        0.602746	    -4.44577e+10	       0.0238095	
        0.831337	        0.602746	    -4.44577e+10	       0.0232558	
        0.831337	        0.602746	    -4.44577e+10	       0.0227273	
        0.831337	        0.602746	    -4.44577e+10	       0.0222222	
        0.831337	        0.602746	    -4.44577e+10	       0.0217391	
        0.831337	        0.602746	    -4.44577e+10	       0.0212766	
        0.831337	        0.602746	    -4.44577e+10	       0.0208333	
        0.831337	        0.602746	    -4.44577e+10	       0.0204082	
        0.831337	        0.602746	    -4.44577e+10	            0.02	
        0.831337	        0.602746	    -4.44577e+10	       0.0196078	
        0.831337	        0.602746	    -4.44577e+10	       0.0192308	
        0.831337	        0.602746	    -4.44577e+10	       0.0188679	
        0.831337	        0.602746	    -4.44577e+10	       0.0185185	
        0.831337	        0.602746	    -4.44577e+10	       0.0181818	
        0.831337	        0.602746	    -4.44577e+10	       0.0178571	
        0.831337	        0.602746	    -4.44577e+10	       0.0175439	
        0.831337	        0.602746	    -4.44577e+10	       0.0172414	
        0.831337	        0.602746	    -4.44577e+10	       0.0169492	
        0.831337	        0.602746	    -4.44577e+10	       0.0166667	
        0.831337	        0.602746	    -4.44577e+10	       0.0163934	
        0.831337	        0.602746	    -4.44577e+10	        0.016129	
        0.831337	        0.602746	    -4.44577e+10	        0.015873	
        0.831337	        0.602746	    -4.44577e+10	        0.015625	
        0.831337	        0.602746	    -4.44577e+10	       0.0153846	
        0.831337	        0.602746	    -4.44577e+10	       0.0151515	
        0.831337	        0.602746	    -4.44577e+10	       0.0149254	
        0.831337	        0.602746	    -4.44577e+10	       0.0147059	
        0.831337	        0.602746	    -4.44577e+10	       0.0144928	
        0.831337	        0.602746	    -4.44577e+10	       0.0142857	
        0.831337	        0.602746	    -4.44577e+10	       0.0140845	
        0.831337	        0.602746	    -4.44577e+10	       0.0138889	
        0.831337	        0.602746	    -4.44577e+10	       0.0136986	
        0.831337	        0.602746	    -4.44577e+10	       0.0135135	
        0.831337	        0.602746	    -4.44577e+10	       0.0133333	
        0.831337	        0.602746	    -4.44577e+10	       0.0131579	
        0.831337	        0.602746	    -4.44577e+10	        0.012987	
        0.831337	        0.602746	    -4.44577e+10	       0.0128205	
        0.831337	        0.602746	    -4.44577e+10	       0.0126582	
        0.831337	        0.602746	    -4.44577e+10	          0.0125	
        0.831337	        0.602746	    -4.44577e+10	       0.0123457	
        0.831337	        0.602746	    -4.44577e+10	       0.0121951	
        0.831337	        0.602746	    -4.44577e+10	       0.0120482	
        0.831337	        0.602746	    -4.44577e+10	       0.0119048	
        0.831337	        0.602746	    -4.44577e+10	       0.0117647	
        0.831337	        0.602746	    -4.44577e+10	       0.0116279	
        0.831337	        0.602746	    -4.44577e+10	       0.0114943	
        0.831337	        0.602746	    -4.44577e+10	       0.0113636	
        0.831337	        0.602746	    -4.44577e+10	        0.011236	
        0.831337	        0.602746	    -4.44577e+10	       0.0111111	
        0.831337	        0.602746	    -4.44577e+10	        0.010989	
        0.831337	        0.602746	    -4.44577e+10	       0.0108696	
        0.831337	        0.602746	    -4.44577e+10	       0.0107527	
        0.831337	        0.602746	    -4.44577e+10	       0.0106383	
        0.831337	        0.602746	    -4.44577e+10	       0.0105263	
        0.831337	        0.602746	    -4.44577e+10	       0.0104167	
        0.831337	        0.602746	    -4.44577e+10	       0.0103093	
        0.831337	        0.602746	    -4.44577e+10	       0.0102041	
        0.831337	        0.602746	    -4.44577e+10	        0.010101	
        0.831337	        0.602746	    -4.44577e+10	            0.01	
        0.831337	        0.602746	    -4.44577e+11	               0	
        0.831337	        0.602746	    -4.44577e+11	               0	
        0.831337	        0.602746	    -4.44577e+11	               0	
        0.831337	        0.602746	    -4.44577e+11	               0	
        0.831337	        0.602746	    -4.44577e+11	               0	
        0.831337	        0.602746	    -4.44577e+11	               0	
        0.831337	        0.602746	    -4.44577e+11	               0	
        0.831337	        0.602746	    -4.44577e+11	               0	
        0.831337	        0.602746	    -4.44577e+11	               0	
        0.831337	        0.602746	    -4.44577e+11	               0	
        0.831337	        0.602746	    -4.44577e+11	               0	
        0.831337	        0.602746	    -4.44577e+11	               0	
        0.831337	        0.602746	    -4.44577e+11	               0	
        0.831337	        0.602746	    -4.44577e+11	               0	
        0.831337	        0.602746	    -4.44577e+11	               0	
        0.831337	        0.602746	    -4.44577e+11	               0	
        0.831337	        0.602746	    -4.44577e+11	               0	
        0.831337	        0.602746	    -4.44577e+11	               0	
        0.831337	        0.602746	    -4.44577e+11	               0	
        0.831337	        0.602746	    -4.44577e+11	               0	
        0.831337	        0.602746	    -4.44577e+11	               0	
        0.831337	        0.602746	    -4.44577e+11	               0	
        0.831337	        0.602746	    -4.44577e+11	               0	
        0.831337	        0.602746	    -4.44577e+11	               0	
        0.831337	        0.602746	    -4.44577e+11	               0	
        0.831337	        0.602746	    -4.44577e+11	               0	
        0.831337	        0.602746	    -4.44577e+11	               0	
        0.831337	        0.602746	    -4.44577e+11	               0	
        0.831337	        0.602746	    -4.44577e+11	               0	
        0.831337	        0.602746	    -4.44577e+11	               0	
        0.831337	        0.602746	    -4.44577e+11	               0	
        0.831337	        0.602746	    -4.44577e+11	               0	
        0.831337	        0.602746	    -4.44577e+11	               0	
        0.796378	        0.629078	    -4.49303e+11	       0.0294118	
        0.796378	        0.629078	    -4.49303e+11	       0.0285714	
        0.796378	        0.629078	    -4.49303e+11	       0.0277778	
        0.796378	        0.629078	    -4.49303e+11	        0.027027	
        0.796378	        0.629078	    -4.49303e+11	       0.0263158	
        0.796378	        0.629078	    -4.49303e+11	        0.025641	
        0.796378	        0.629078	    -4.49303e+11	           0.025	
        0.796378	        0.629078	    -4.49303e+11	       0.0243902	
        0.796378	        0.629078	    -4.49303e+11	       0.0238095	
        0.796378	        0.629078	    -4.49303e+11	       0.0232558	
        0.796378	        0.629078	    -4.49303e+11	       0.0227273	
        0.796378	        0.629078	    -4.49303e+11	       0.0222222	
        0.796378	        0.629078	    -4.49303e+11	       0.0217391	
        0.796378	        0.629078	    -4.49303e+11	       0.0212766	
        0.796378	        0.629078	    -4.49303e+11	       0.0208333	
        0.796378	        0.629078	    -4.49303e+11	       0.0204082	
        0.796378	        0.629078	    -4.49303e+11	            0.02	
        0.796378	        0.629078	    -4.49303e+11	       0.0196078	
        0.796378	        0.629078	    -4.49303e+11	       0.0192308	
        0.796378	        0.629078	    -4.49303e+11	       0.0188679	
        0.796378	        0.629078	    -4.49303e+11	       0.0185185	
        0.796378	        0.629078	    -4.49303e+11	       0.0181818	
        0.796378	        0.629078	    -4.49303e+11	       0.0178571	
        0.796378	        0.629078	    -4.49303e+11	       0.0175439	
        0.796378	        0.629078	    -4.49303e+11	       0.0172414	
        0.796378	        0.629078	    -4.49303e+11	       0.0169492	
        0.796378	        0.629078	    -4.49303e+11	       0.0166667	
        0.796378	        0.629078	    -4.49303e+11	       0.0163934	
        0.796378	        0.629078	    -4.49303e+11	        0.016129	
        0.796378	        0.629078	    -4.49303e+11	        0.015873	
        0.796378	        0.629078	    -4.49303e+11	        0.015625	
        0.796378	        0.629078	    -4.49303e+11	       0.0153846	
        0.796378	        0.629078	    -4.49303e+11	       0.0151515	
        0.796378	        0.629078	    -4.49303e+11	       0.0149254	
        0.796378	        0.629078	    -4.49303e+11	       0.0147059	
        0.796378	        0.629078	    -4.49303e+11	       0.0144928	
        0.796378	        0.629078	    -4.49303e+11	       0.0142857	
        0.796378	        0.629078	    -4.49303e+11	       0.0140845	
        0.796378	        0.629078	    -4.49303e+11	       0.0138889	
        0.796378	        0.629078	    -4.49303e+11	       0.0136986	
        0.796378	        0.629078	    -4.49303e+11	       0.0135135	
        0.796378	        0.629078	    -4.49303e+11	       0.0133333	
        0.796378	        0.629078	    -4.49303e+11	       0.0131579	
        0.796378	        0.629078	    -4.49303e+11	        0.012987	
        0.796378	        0.629078	    -4.49303e+11	       0.0128205	
        0.796378	        0.629078	    -4.49303e+11	       0.0126582	
        0.796378	        0.629078	    -4.49303e+11	          0.0125	
        0.796378	        0.629078	    -4.49303e+11	       0.0123457	
        0.796378	        0.629078	    -4.49303e+11	       0.0121951	
        0.796378	        0.629078	    -4.49303e+11	       0.0120482	
        0.796378	        0.629078	    -4.49303e+11	       0.0119048	
        0.796378	        0.629078	    -4.49303e+11	       0.0117647	
        0.796378	        0.629078	    -4.49303e+11	       0.0116279	
        0.796378	        0.629078	    -4.49303e+11	       0.0114943	
        0.796378	        0.629078	    -4.49303e+11	       0.0113636	
        0.796378	        0.629078	    -4.49303e+11	        0.011236	
        0.796378	        0.629078	    -4.49303e+11	       0.0111111	
        0.796378	        0.629078	    -4.49303e+11	        0.010989	
        0.796378	        0.629078	    -4.49303e+11	       0.0108696	
        0.796378	        0.629078	    -4.49303e+11	       0.0107527	
        0.796378	        0.629078	    -4.49303e+11	       0.0106383	
        0.796378	        0.629078	    -4.49303e+11	       0.0105263	
        0.796378	        0.629078	    -4.49303e+11	       0.0104167	
        0.796378	        0.629078	    -4.49303e+11	       0.0103093	
        0.796378	        0.629078	    -4.49303e+11	       0.0102041	
        0.796378	        0.629078	    -4.49303e+11	        0.010101	
        0.796378	        0.629078	    -4.49303e+11	            0.01	
        0.796378	        0.629078	    -4.49303e+12	               0	
        0.796378	        0.629078	    -4.49303e+12	               0	
        0.796378	        0.629078	    -4.49303e+12	               0	
        0.796378	        0.629078	    -4.49303e+12	               0	
        0.796378	        0.629078	    -4.49303e+12	               0	
        0.796378	        0.629078	    -4.49303e+12	               0	
        0.796378	        0.629078	    -4.49303e+12	               0	
        0.796378	        0.629078	    -4.49303e+12	               0	
        0.796378	        0.629078	    -4.49303e+12	               0	
        0.796378	        0.629078	    -4.49303e+12	               0	
        0.796378	        0.629078	    -4.49303e+12	               0	
        0.796378	        0.629078	    -4.49303e+12	               0	
        0.796378	        0.629078	    -4.49303e+12	               0	
        0.796378	        0.629078	    -4.49303e+12	               0	
        0.796378	        0.629078	    -4.49303e+12	               0	
        0.796378	        0.629078	    -4.49303e+12	               0	
        0.796378	        0.629078	    -4.49303e+12	               0	
        0.796378	        0.629078	    -4.49303e+12	               0	
        0.796378	        0.629078	    -4.49303e+12	               0	
        0.796378	        0.629078	    -4.49303e+12	               0	
        0.796378	        0.629078	    -4.49303e+12	               0	
        0.796378	        0.629078	    -4.49303e+12	               0	
        0.796378	        0.629078	    -4.49303e+12	               0	
        0.796378	        0.629078	    -4.49303e+12	               0	
        0.796378	        0.629078	    -4.49303e+12	               0	
        0.796378	        0.629078	    -4.49303e+12	               0	
        0.796378	        0.629078	    -4.49303e+12	               0	
        0.796378	        0.629078	    -4.49303e+12	               0	
        0.796378	        0.629078	    -4.49303e+12	               0	
        0.796378	        0.629078	    -4.49303e+12	               0	
        0.796378	        0.629078	    -4.49303e+12	               0	
        0.796378	        0.629078	    -4.49303e+12	               0	
        0.796378	        0.629078	    -4.49303e+12	               0	
        0.796378	        0.629078	    -4.49303e+12	               0	
        0.796378	        0.629078	    -4.49303e+12	               0	
        0.796378	        0.629078	    -4.49303e+12	               0	
        0.796378	        0.629078	    -4.49303e+12	               0	
        0.796378	        0.629078	    -4.49303e+12	               0	
        0.796378	        0.629078	    -4.49303e+12	               0	
        0.796378	        0.629078	    -4.49303e+12	               0	
        0.796378	        0.629078	    -4.49303e+12	               0	
        0.796378	        0.629078	    -4.49303e+12	               0	
        0.796378	        0.629078	    -4.49303e+12	               0	
        0.796378	        0.629078	    -4.49303e+12	               0	
        0.796378	        0.629078	    -4.49303e+12	               0	
        0.796378	        0.629078	    -4.49303e+12	               0	
        0.796378	        0.629078	    -4.49303e+12	               0	
        0.796378	        0.629078	    -4.49303e+12	               0	
        0.796378	        0.629078	    -4.49303e+12	               0	
        0.796378	        0.629078	    -4.49303e+12	               0	
        0.796378	        0.629078	    -4.49303e+12	               0	
        0.796378	        0.629078	    -4.49303e+12	               0	
        0.796378	        0.629078	    -4.49303e+12	               0	
        0.796378	        0.629078	    -4.49303e+12	               0	
        0.796378	        0.629078	    -4.49303e+12	               0	
        0.796378	        0.629078	    -4.49303e+12	               0	
        0.796378	        0.629078	    -4.49303e+12	               0	
        0.796378	        0.629078	    -4.49303e+12	               0	
        0.796378	        0.629078	    -4.49303e+12	               0	
        0.796378	        0.629078	    -4.49303e+12	               0	
        0.796378	        0.629078	    -4.49303e+12	               0	
        0.796378	        0.629078	    -4.49303e+12	               0	
        0.796378	        0.629078	    -4.49303e+12	               0	
        0.796378	        0.629078	    -4.49303e+12	               0	
        0.796378	        0.629078	    -4.49303e+12	               0	
        0.796378	        0.629078	    -4.49303e+12	               0	
        0.796378	        0.629078	    -4.49303e+12	               0	
        0.796378	        0.629078	    -4.49303e+12	               0	
        0.796378	        0.629078	    -4.49303e+12	               0	
        0.796378	        0.629078	    -4.49303e+12	               0	
        0.796378	        0.629078	    -4.49303e+12	               0	
        0.796378	        0.629078	    -4.49303e+12	               0	
        0.796378	        0.629078	    -4.49303e+12	               0	
        0.796378	        0.629078	    -4.49303e+12	               0	
        0.796378	        0.629078	    -4.49303e+12	               0	
        0.796378	        0.629078	    -4.49303e+12	               0	
        0.796378	        0.629078	    -4.49303e+12	               0	
        0.796378	        0.629078	    -4.49303e+12	               0	
        0.796378	        0.629078	    -4.49303e+12	               0	
        0.796378	        0.629078	    -4.49303e+12	               0	
        0.796378	        0.629078	    -4.49303e+12	               0	
        0.796378	        0.629078	    -4.49303e+12	               0	
        0.796378	        0.629078	    -4.49303e+12	               0	
        0.796378	        0.629078	    -4.49303e+12	               0	
        0.796378	        0.629078	    -4.49303e+12	               0	
        0.796378	        0.629078	    -4.49303e+12	               0	
        0.796378	        0.629078	    -4.49303e+12	               0	
        0.796378	        0.629078	    -4.49303e+12	               0	
        0.796378	        0.629078	    -4.49303e+12	               0	
        0.796378	        0.629078	    -4.49303e+12	               0	
        0.796378	        0.629078	    -4.49303e+12	               0	
        0.796378	        0.629078	    -4.49303e+12	               0	
        0.796378	        0.629078	    -4.49303e+12	               0	
        0.796378	        0.629078	    -4.49303e+12	               0	
        0.796378	        0.629078	    -4.49303e+12	               0	
        0.796378	        0.629078	    -4.49303e+12	               0	
        0.796378	        0.629078	    -4.49303e+12	               0	
        0.796378	        0.629078	    -4.49303e+12	               0	
        0.796378	        0.629078	    -4.49303e+12	               0	
        0.796378	        0.629078	    -4.49303e+12	               0	
