     Chi Squared	
           83.84	
           74.88	
          115.34	
          107.78	
           90.54	
           98.58	
           97.48	
           76.94	
            87.8	
          115.92	
            97.1	
           91.58	
           89.92	
           83.28	
          105.88	
          108.46	
           108.2	
          119.08	
            88.8	
           102.5	
            99.2	
           86.54	
          103.14	
            76.6	
          102.42	
            96.6	
          113.24	
          116.88	
          121.26	
           87.82	
            76.2	
            95.6	
          132.88	
           87.72	
          110.44	
          126.54	
           94.38	
             102	
          105.24	
           78.48	
           85.88	
            96.8	
           83.44	
            88.1	
          102.08	
           89.38	
            99.6	
          123.72	
          113.66	
             107	
           85.38	
           96.36	
          115.58	
          104.42	
           97.76	
          100.96	
          109.52	
            86.2	
              84	
           103.1	
          121.42	
          110.48	
          101.36	
           97.26	
          102.34	
            87.5	
           93.24	
           95.72	
           99.56	
           82.38	
           79.04	
            83.2	
          122.24	
           92.48	
          110.02	
          113.44	
          112.64	
          100.58	
          110.28	
           97.84	
           77.48	
           85.52	
          117.68	
           77.32	
           97.68	
           91.34	
          121.58	
           93.94	
           80.04	
            96.4	
          123.06	
          115.96	
           84.72	
           80.52	
           103.9	
           86.98	
           99.76	
           99.08	
           111.4	
          109.62	
