 energy_errors
     0.0474573
     0.0426412
     0.0327027
     0.0288701
     0.0270877
     0.0398933
     0.0562323
     0.0370936
     0.0447464
      0.034298
     0.0289226
     0.0289763
     0.0197608
     0.0104842
     0.0076186
    0.00643384
    0.00598456
    0.00752813
    0.00760833
    0.00779973
     0.0111233
     0.0175604
     0.0120439
     0.0121973
     0.0234563
     0.0083978
    0.00659585
    0.00431545
    0.00820488
     0.0176498
     0.0145437
     0.0185331
     0.0119073
    0.00596183
     0.0132003
    0.00947047
     0.0116827
     0.0082273
     0.0101677
     0.0208297
     0.0100855
     0.0100747
     0.0102214
    0.00951029
    0.00878624
    0.00795059
    0.00823313
    0.00897924
     0.0154343
     0.0130125
     0.0125545
     0.0104343
     0.0083303
    0.00779147
    0.00660621
     0.0110395
      0.014179
    0.00579393
     0.0073319
    0.00710881
     0.0128659
     0.0139158
      0.005716
    0.00820457
    0.00636354
    0.00444886
    0.00475469
    0.00350189
    0.00386103
    0.00820465
    0.00277913
    0.00533748
    0.00223193
    0.00508506
    0.00240369
    0.00226247
    0.00220959
    0.00409012
    0.00304135
    0.00192332
    0.00263071
    0.00468633
    0.00457403
    0.00269305
    0.00204995
     0.0023365
    0.00315372
    0.00212624
    0.00343396
    0.00419297
    0.00292394
    0.00209998
    0.00803456
    0.00896445
    0.00312404
    0.00696677
    0.00248575
    0.00641959
    0.00287822
     0.0052866
     0.0035236
    0.00797121
     0.0047645
     0.0022035
    0.00876605
    0.00343499
    0.00230603
    0.00263482
    0.00975707
    0.00578099
    0.00173462
    0.00364749
    0.00289495
    0.00304014
    0.00370262
    0.00556053
    0.00197014
    0.00697137
    0.00246455
    0.00301433
    0.00309535
    0.00214433
    0.00231064
    0.00559293
    0.00526989
    0.00454399
    0.00189707
    0.00267188
    0.00329108
    0.00306511
    0.00271926
    0.00489759
    0.00740042
    0.00618672
    0.00278702
     0.0023967
    0.00256396
    0.00393926
    0.00348486
    0.00827778
    0.00740364
    0.00255376
    0.00208842
    0.00227978
    0.00310629
    0.00298529
    0.00714015
    0.00226168
    0.00321332
    0.00281656
    0.00711398
    0.00564327
    0.00802505
    0.00237435
    0.00932369
     0.0026352
    0.00845219
    0.00204739
    0.00294854
    0.00479349
    0.00279242
    0.00281813
    0.00540621
    0.00230095
    0.00419065
    0.00350195
    0.00297079
    0.00275409
     0.0036208
      0.011471
    0.00288524
    0.00274254
    0.00637446
    0.00423206
    0.00466095
    0.00266541
    0.00887201
    0.00713589
    0.00610347
    0.00273953
    0.00231152
    0.00375926
    0.00611599
    0.00262699
    0.00341412
    0.00848849
    0.00517515
    0.00254698
    0.00271383
    0.00326652
    0.00225716
    0.00464563
    0.00367907
    0.00298715
    0.00279012
    0.00531289
    0.00668469
    0.00249824
    0.00365131
    0.00518384
     0.0108813
