 energy_errors
     0.0474573
     0.0426412
     0.0327027
     0.0288701
     0.0270877
     0.0342239
     0.0411214
     0.0246287
     0.0327256
     0.0240728
     0.0194365
     0.0193252
     0.0165352
    0.00854609
    0.00434515
    0.00401588
    0.00326393
    0.00547162
    0.00437808
    0.00436013
    0.00431502
    0.00484536
     0.0044391
    0.00288553
    0.00639363
    0.00195432
    0.00296887
    0.00290927
    0.00517438
    0.00477428
    0.00327943
    0.00188595
    0.00285055
    0.00654137
    0.00797114
    0.00391516
    0.00282239
    0.00429153
    0.00424108
    0.00450706
    0.00639867
    0.00194364
     0.0020898
    0.00260229
    0.00342706
    0.00301258
    0.00368777
    0.00243541
    0.00340072
    0.00306705
    0.00271806
    0.00290322
    0.00252593
    0.00535465
    0.00341058
    0.00462541
    0.00878719
    0.00358748
    0.00246772
    0.00202235
    0.00573859
    0.00367944
    0.00271584
    0.00391699
    0.00314816
    0.00299695
    0.00269095
     0.0020353
    0.00325542
    0.00463261
    0.00390104
    0.00367676
    0.00276523
    0.00321623
    0.00214966
    0.00222797
    0.00201589
    0.00423811
    0.00250888
    0.00188763
     0.0022341
    0.00318642
    0.00335212
    0.00316052
    0.00243668
    0.00258019
    0.00395888
    0.00377815
    0.00418508
    0.00351701
    0.00250611
    0.00241626
    0.00648509
    0.00842054
    0.00351465
    0.00708282
    0.00307692
    0.00497484
    0.00270347
    0.00397412
    0.00282967
    0.00432748
    0.00247665
     0.0036415
    0.00373706
    0.00275079
    0.00383304
    0.00365917
    0.00483216
    0.00355911
    0.00406667
     0.0021932
    0.00214686
    0.00410003
    0.00455134
    0.00404147
    0.00261566
    0.00437196
    0.00261836
    0.00263699
    0.00186867
    0.00290045
    0.00287342
    0.00373556
    0.00518986
    0.00252907
     0.0025907
    0.00369523
    0.00375556
    0.00435739
    0.00353969
     0.0027169
    0.00554164
    0.00399452
    0.00246743
    0.00207521
    0.00316839
     0.0032783
    0.00392284
    0.00708653
    0.00512046
    0.00346467
    0.00291741
    0.00240752
    0.00454187
    0.00275729
    0.00547937
    0.00221123
    0.00366764
      0.002212
    0.00500168
    0.00322957
    0.00584971
    0.00380518
    0.00633791
    0.00272574
     0.0058745
     0.0025475
    0.00411367
    0.00284139
    0.00380983
    0.00392926
    0.00406606
    0.00322763
    0.00254162
    0.00225742
    0.00384162
    0.00353049
    0.00224454
    0.00854755
    0.00450581
     0.0027486
     0.0028038
    0.00327357
    0.00600682
    0.00335699
    0.00624165
    0.00551649
    0.00360122
    0.00225711
    0.00289975
    0.00304489
    0.00447307
     0.0026605
    0.00260559
     0.0069997
    0.00409593
    0.00370279
    0.00279397
     0.0045959
    0.00210458
    0.00306324
    0.00265088
    0.00257057
    0.00288188
    0.00405558
    0.00314781
    0.00288143
     0.0027786
    0.00330331
    0.00877134
    0.00339981
    0.00336895
    0.00360003
    0.00422583
     0.0029266
    0.00549347
    0.00428884
    0.00516957
    0.00344825
    0.00549073
    0.00307046
    0.00304178
    0.00595538
    0.00243498
    0.00344894
    0.00299618
    0.00214924
     0.0049477
    0.00286817
    0.00216679
    0.00358084
     0.0020758
    0.00427131
    0.00312402
    0.00264046
    0.00309924
    0.00254233
    0.00292692
    0.00233292
    0.00263415
    0.00277643
    0.00275771
     0.0030485
    0.00827889
    0.00318137
    0.00406754
    0.00521017
    0.00495167
    0.00276644
    0.00281113
    0.00704674
    0.00386446
    0.00264946
     0.0044076
    0.00554564
    0.00279507
    0.00311901
    0.00238242
    0.00342187
    0.00225844
    0.00231714
    0.00273941
    0.00457433
    0.00240442
    0.00244787
    0.00224052
    0.00266832
    0.00463867
    0.00404969
    0.00586243
    0.00515564
    0.00337935
    0.00274342
    0.00573909
    0.00409108
    0.00244015
    0.00541601
    0.00461293
    0.00474303
    0.00424125
    0.00260457
    0.00669238
    0.00204186
    0.00265289
    0.00471026
    0.00338573
    0.00367571
    0.00312969
    0.00323966
    0.00497263
     0.0049931
    0.00271831
    0.00251663
    0.00456835
    0.00392486
    0.00238497
    0.00253359
    0.00321287
    0.00397691
    0.00221958
    0.00401787
    0.00340768
    0.00357034
    0.00305653
    0.00259001
    0.00291229
    0.00323855
     0.0023846
    0.00247843
    0.00450223
    0.00354417
    0.00209755
    0.00228277
    0.00412788
    0.00239712
    0.00239306
    0.00473065
    0.00378214
    0.00345833
    0.00721119
    0.00497346
    0.00332312
    0.00233185
    0.00304814
    0.00252322
    0.00356244
    0.00390086
    0.00296332
    0.00333602
    0.00207677
    0.00209394
     0.0023404
     0.0053402
    0.00540092
    0.00443406
    0.00512799
    0.00370809
     0.0035684
    0.00244694
    0.00251225
    0.00319254
     0.0048889
    0.00652607
    0.00712496
     0.0021656
    0.00520235
    0.00212017
    0.00304959
    0.00270336
    0.00364805
    0.00224591
    0.00487351
    0.00406062
    0.00609293
    0.00255812
    0.00271732
    0.00410275
     0.0039957
    0.00353799
    0.00277762
    0.00304965
    0.00274326
    0.00376714
     0.0025003
    0.00212164
    0.00219734
    0.00254734
    0.00573866
    0.00687109
    0.00625234
    0.00361388
    0.00387474
    0.00303285
    0.00259901
    0.00289246
    0.00380852
    0.00670465
     0.0044963
    0.00319604
    0.00332835
    0.00363542
    0.00440402
    0.00394881
     0.0100346
    0.00734361
    0.00564485
    0.00208304
    0.00414697
    0.00933737
    0.00342711
     0.0033908
    0.00300489
    0.00267847
    0.00596077
    0.00320035
    0.00504234
     0.0027467
    0.00222264
    0.00309954
    0.00360804
     0.0046767
    0.00228082
    0.00433816
    0.00429725
    0.00296636
    0.00433322
     0.0026493
     0.0039217
    0.00426607
    0.00265594
