              mu	           sigma	          energy	      acceptance	
         1.03633	        0.936014	      6.1683e+09	               1	
         1.06223	        0.860116	     3.80209e+09	               1	
         1.04472	        0.816403	     2.05009e+09	               1	
         1.04472	        0.816403	     2.05009e+09	            0.75	
         1.04472	        0.816403	     2.05009e+09	             0.6	
         1.04472	        0.816403	     2.05009e+09	             0.5	
         1.04472	        0.816403	     2.05009e+09	        0.428571	
         1.04472	        0.816403	     2.05009e+09	           0.375	
         1.10364	        0.742667	     1.71694e+09	        0.444444	
         1.10364	        0.742667	     1.71694e+09	             0.4	
         1.08294	        0.756201	     1.58357e+09	        0.454545	
         1.12346	        0.673923	     1.09892e+09	             0.5	
         1.03165	        0.615486	    -2.18678e+09	        0.538462	
        0.978925	        0.519764	    -2.29454e+09	        0.571429	
        0.994949	        0.537175	    -2.39598e+09	             0.6	
        0.908291	        0.558059	    -3.63692e+09	           0.625	
        0.908291	        0.558059	    -3.63692e+09	        0.588235	
        0.908291	        0.558059	    -3.63692e+09	        0.555556	
        0.908291	        0.558059	    -3.63692e+09	        0.526316	
        0.908291	        0.558059	    -3.63692e+09	             0.5	
        0.908291	        0.558059	    -3.63692e+09	         0.47619	
        0.908291	        0.558059	    -3.63692e+09	        0.454545	
        0.840228	        0.555181	    -4.01923e+09	        0.478261	
        0.840228	        0.555181	    -4.01923e+09	        0.458333	
        0.784226	        0.598358	    -4.42404e+09	            0.48	
        0.784226	        0.598358	    -4.42404e+09	        0.461538	
        0.784226	        0.598358	    -4.42404e+09	        0.444444	
        0.784226	        0.598358	    -4.42404e+09	        0.428571	
        0.784226	        0.598358	    -4.42404e+09	        0.413793	
        0.784226	        0.598358	    -4.42404e+09	             0.4	
        0.784226	        0.598358	    -4.42404e+09	        0.387097	
        0.784226	        0.598358	    -4.42404e+09	           0.375	
        0.784226	        0.598358	    -4.42404e+09	        0.363636	
        0.784226	        0.598358	    -4.42404e+09	        0.352941	
        0.784226	        0.598358	    -4.42404e+09	        0.342857	
        0.784226	        0.598358	    -4.42404e+09	        0.333333	
        0.784226	        0.598358	    -4.42404e+09	        0.324324	
        0.784226	        0.598358	    -4.42404e+09	        0.315789	
        0.784226	        0.598358	    -4.42404e+09	        0.307692	
        0.784226	        0.598358	    -4.42404e+09	             0.3	
        0.784226	        0.598358	    -4.42404e+09	        0.292683	
        0.784226	        0.598358	    -4.42404e+09	        0.285714	
        0.784226	        0.598358	    -4.42404e+09	         0.27907	
        0.784226	        0.598358	    -4.42404e+09	        0.272727	
        0.784226	        0.598358	    -4.42404e+09	        0.266667	
        0.784226	        0.598358	    -4.42404e+09	         0.26087	
        0.784226	        0.598358	    -4.42404e+09	        0.255319	
        0.784226	        0.598358	    -4.42404e+09	            0.25	
        0.784226	        0.598358	    -4.42404e+09	        0.244898	
        0.784226	        0.598358	    -4.42404e+09	            0.24	
        0.784226	        0.598358	    -4.42404e+09	        0.235294	
        0.784226	        0.598358	    -4.42404e+09	        0.230769	
        0.784226	        0.598358	    -4.42404e+09	        0.226415	
        0.784226	        0.598358	    -4.42404e+09	        0.222222	
        0.784226	        0.598358	    -4.42404e+09	        0.218182	
        0.784226	        0.598358	    -4.42404e+09	        0.214286	
        0.784226	        0.598358	    -4.42404e+09	        0.210526	
        0.784226	        0.598358	    -4.42404e+09	        0.206897	
        0.772785	        0.607523	    -4.46433e+09	        0.220339	
        0.772785	        0.607523	    -4.46433e+09	        0.216667	
        0.772785	        0.607523	    -4.46433e+09	        0.213115	
        0.772785	        0.607523	    -4.46433e+09	        0.209677	
        0.772785	        0.607523	    -4.46433e+09	        0.206349	
        0.772785	        0.607523	    -4.46433e+09	        0.203125	
        0.772785	        0.607523	    -4.46433e+09	             0.2	
        0.772785	        0.607523	    -4.46433e+09	         0.19697	
        0.772785	        0.607523	    -4.46433e+09	         0.19403	
        0.772785	        0.607523	    -4.46433e+09	        0.191176	
        0.772785	        0.607523	    -4.46433e+09	        0.188406	
        0.772785	        0.607523	    -4.46433e+09	        0.185714	
        0.772785	        0.607523	    -4.46433e+09	        0.183099	
        0.772785	        0.607523	    -4.46433e+09	        0.180556	
        0.772785	        0.607523	    -4.46433e+09	        0.178082	
        0.772785	        0.607523	    -4.46433e+09	        0.175676	
        0.772785	        0.607523	    -4.46433e+09	        0.173333	
        0.772785	        0.607523	    -4.46433e+09	        0.171053	
        0.772785	        0.607523	    -4.46433e+09	        0.168831	
        0.772785	        0.607523	    -4.46433e+09	        0.166667	
        0.772785	        0.607523	    -4.46433e+09	        0.164557	
        0.772785	        0.607523	    -4.46433e+09	          0.1625	
        0.772785	        0.607523	    -4.46433e+09	        0.160494	
        0.772785	        0.607523	    -4.46433e+09	        0.158537	
        0.772785	        0.607523	    -4.46433e+09	        0.156627	
        0.772785	        0.607523	    -4.46433e+09	        0.154762	
        0.772785	        0.607523	    -4.46433e+09	        0.152941	
        0.772785	        0.607523	    -4.46433e+09	        0.151163	
        0.772785	        0.607523	    -4.46433e+09	        0.149425	
        0.772785	        0.607523	    -4.46433e+09	        0.147727	
        0.772785	        0.607523	    -4.46433e+09	        0.146067	
        0.772785	        0.607523	    -4.46433e+09	        0.144444	
        0.772785	        0.607523	    -4.46433e+09	        0.142857	
        0.772785	        0.607523	    -4.46433e+09	        0.141304	
        0.772785	        0.607523	    -4.46433e+09	        0.139785	
        0.772785	        0.607523	    -4.46433e+09	        0.138298	
        0.772785	        0.607523	    -4.46433e+09	        0.136842	
        0.772785	        0.607523	    -4.46433e+09	        0.135417	
        0.772785	        0.607523	    -4.46433e+09	        0.134021	
        0.772785	        0.607523	    -4.46433e+09	        0.132653	
        0.772785	        0.607523	    -4.46433e+09	        0.131313	
        0.772785	        0.607523	    -4.46433e+09	            0.13	
        0.772785	        0.607523	    -4.46433e+10	               0	
        0.772785	        0.607523	    -4.46433e+10	               0	
        0.772785	        0.607523	    -4.46433e+10	               0	
        0.772785	        0.607523	    -4.46433e+10	               0	
        0.772785	        0.607523	    -4.46433e+10	               0	
        0.772785	        0.607523	    -4.46433e+10	               0	
        0.772785	        0.607523	    -4.46433e+10	               0	
        0.772785	        0.607523	    -4.46433e+10	               0	
        0.772785	        0.607523	    -4.46433e+10	               0	
        0.772785	        0.607523	    -4.46433e+10	               0	
        0.772785	        0.607523	    -4.46433e+10	               0	
        0.772785	        0.607523	    -4.46433e+10	               0	
        0.772785	        0.607523	    -4.46433e+10	               0	
        0.772785	        0.607523	    -4.46433e+10	               0	
        0.772785	        0.607523	    -4.46433e+10	               0	
        0.772785	        0.607523	    -4.46433e+10	               0	
        0.772785	        0.607523	    -4.46433e+10	               0	
        0.772785	        0.607523	    -4.46433e+10	               0	
        0.772785	        0.607523	    -4.46433e+10	               0	
        0.772785	        0.607523	    -4.46433e+10	               0	
        0.772785	        0.607523	    -4.46433e+10	               0	
        0.772785	        0.607523	    -4.46433e+10	               0	
        0.772785	        0.607523	    -4.46433e+10	               0	
        0.772785	        0.607523	    -4.46433e+10	               0	
        0.772785	        0.607523	    -4.46433e+10	               0	
        0.772785	        0.607523	    -4.46433e+10	               0	
        0.772785	        0.607523	    -4.46433e+10	               0	
        0.772785	        0.607523	    -4.46433e+10	               0	
        0.772785	        0.607523	    -4.46433e+10	               0	
        0.772785	        0.607523	    -4.46433e+10	               0	
        0.772785	        0.607523	    -4.46433e+10	               0	
        0.772785	        0.607523	    -4.46433e+10	               0	
        0.772785	        0.607523	    -4.46433e+10	               0	
        0.772785	        0.607523	    -4.46433e+10	               0	
        0.772785	        0.607523	    -4.46433e+10	               0	
        0.772785	        0.607523	    -4.46433e+10	               0	
        0.772785	        0.607523	    -4.46433e+10	               0	
        0.772785	        0.607523	    -4.46433e+10	               0	
        0.772785	        0.607523	    -4.46433e+10	               0	
        0.772785	        0.607523	    -4.46433e+10	               0	
        0.772785	        0.607523	    -4.46433e+10	               0	
        0.772785	        0.607523	    -4.46433e+10	               0	
        0.772785	        0.607523	    -4.46433e+10	               0	
        0.772785	        0.607523	    -4.46433e+10	               0	
        0.772785	        0.607523	    -4.46433e+10	               0	
        0.772785	        0.607523	    -4.46433e+10	               0	
        0.772785	        0.607523	    -4.46433e+10	               0	
        0.772785	        0.607523	    -4.46433e+10	               0	
        0.772785	        0.607523	    -4.46433e+10	               0	
        0.772785	        0.607523	    -4.46433e+10	               0	
        0.772785	        0.607523	    -4.46433e+10	               0	
        0.772785	        0.607523	    -4.46433e+10	               0	
        0.772785	        0.607523	    -4.46433e+10	               0	
        0.772785	        0.607523	    -4.46433e+10	               0	
        0.772785	        0.607523	    -4.46433e+10	               0	
        0.772785	        0.607523	    -4.46433e+10	               0	
        0.772785	        0.607523	    -4.46433e+10	               0	
        0.772785	        0.607523	    -4.46433e+10	               0	
        0.772785	        0.607523	    -4.46433e+10	               0	
        0.772785	        0.607523	    -4.46433e+10	               0	
        0.772785	        0.607523	    -4.46433e+10	               0	
        0.772785	        0.607523	    -4.46433e+10	               0	
        0.772785	        0.607523	    -4.46433e+10	               0	
        0.772785	        0.607523	    -4.46433e+10	               0	
        0.772785	        0.607523	    -4.46433e+10	               0	
        0.772785	        0.607523	    -4.46433e+10	               0	
        0.772785	        0.607523	    -4.46433e+10	               0	
        0.772785	        0.607523	    -4.46433e+10	               0	
        0.772785	        0.607523	    -4.46433e+10	               0	
        0.772785	        0.607523	    -4.46433e+10	               0	
        0.772785	        0.607523	    -4.46433e+10	               0	
        0.772785	        0.607523	    -4.46433e+10	               0	
        0.772785	        0.607523	    -4.46433e+10	               0	
        0.772785	        0.607523	    -4.46433e+10	               0	
        0.772785	        0.607523	    -4.46433e+10	               0	
        0.772785	        0.607523	    -4.46433e+10	               0	
        0.772785	        0.607523	    -4.46433e+10	               0	
        0.772785	        0.607523	    -4.46433e+10	               0	
        0.772785	        0.607523	    -4.46433e+10	               0	
        0.772785	        0.607523	    -4.46433e+10	               0	
        0.772785	        0.607523	    -4.46433e+10	               0	
        0.772785	        0.607523	    -4.46433e+10	               0	
        0.772785	        0.607523	    -4.46433e+10	               0	
        0.772785	        0.607523	    -4.46433e+10	               0	
        0.772785	        0.607523	    -4.46433e+10	               0	
        0.772785	        0.607523	    -4.46433e+10	               0	
        0.772785	        0.607523	    -4.46433e+10	               0	
        0.772785	        0.607523	    -4.46433e+10	               0	
        0.772785	        0.607523	    -4.46433e+10	               0	
        0.772785	        0.607523	    -4.46433e+10	               0	
        0.772785	        0.607523	    -4.46433e+10	               0	
        0.772785	        0.607523	    -4.46433e+10	               0	
        0.772785	        0.607523	    -4.46433e+10	               0	
        0.772785	        0.607523	    -4.46433e+10	               0	
        0.772785	        0.607523	    -4.46433e+10	               0	
        0.772785	        0.607523	    -4.46433e+10	               0	
        0.772785	        0.607523	    -4.46433e+10	               0	
        0.772785	        0.607523	    -4.46433e+10	               0	
        0.772785	        0.607523	    -4.46433e+10	               0	
        0.772785	        0.607523	    -4.46433e+10	               0	
        0.772785	        0.607523	    -4.46433e+11	               0	
        0.772785	        0.607523	    -4.46433e+11	               0	
        0.772785	        0.607523	    -4.46433e+11	               0	
        0.772785	        0.607523	    -4.46433e+11	               0	
        0.772785	        0.607523	    -4.46433e+11	               0	
        0.772785	        0.607523	    -4.46433e+11	               0	
        0.772785	        0.607523	    -4.46433e+11	               0	
        0.772785	        0.607523	    -4.46433e+11	               0	
        0.772785	        0.607523	    -4.46433e+11	               0	
        0.772785	        0.607523	    -4.46433e+11	               0	
        0.772785	        0.607523	    -4.46433e+11	               0	
        0.772785	        0.607523	    -4.46433e+11	               0	
        0.772785	        0.607523	    -4.46433e+11	               0	
        0.772785	        0.607523	    -4.46433e+11	               0	
        0.772785	        0.607523	    -4.46433e+11	               0	
        0.772785	        0.607523	    -4.46433e+11	               0	
        0.772785	        0.607523	    -4.46433e+11	               0	
        0.772785	        0.607523	    -4.46433e+11	               0	
        0.772785	        0.607523	    -4.46433e+11	               0	
        0.772785	        0.607523	    -4.46433e+11	               0	
        0.772785	        0.607523	    -4.46433e+11	               0	
        0.772785	        0.607523	    -4.46433e+11	               0	
        0.772785	        0.607523	    -4.46433e+11	               0	
        0.772785	        0.607523	    -4.46433e+11	               0	
        0.772785	        0.607523	    -4.46433e+11	               0	
        0.772785	        0.607523	    -4.46433e+11	               0	
        0.772785	        0.607523	    -4.46433e+11	               0	
        0.772785	        0.607523	    -4.46433e+11	               0	
        0.772785	        0.607523	    -4.46433e+11	               0	
        0.772785	        0.607523	    -4.46433e+11	               0	
        0.772785	        0.607523	    -4.46433e+11	               0	
        0.772785	        0.607523	    -4.46433e+11	               0	
        0.772785	        0.607523	    -4.46433e+11	               0	
        0.772785	        0.607523	    -4.46433e+11	               0	
        0.772785	        0.607523	    -4.46433e+11	               0	
        0.772785	        0.607523	    -4.46433e+11	               0	
        0.772785	        0.607523	    -4.46433e+11	               0	
        0.772785	        0.607523	    -4.46433e+11	               0	
        0.772785	        0.607523	    -4.46433e+11	               0	
        0.772785	        0.607523	    -4.46433e+11	               0	
        0.772785	        0.607523	    -4.46433e+11	               0	
        0.772785	        0.607523	    -4.46433e+11	               0	
        0.772785	        0.607523	    -4.46433e+11	               0	
        0.772785	        0.607523	    -4.46433e+11	               0	
        0.772785	        0.607523	    -4.46433e+11	               0	
        0.772785	        0.607523	    -4.46433e+11	               0	
        0.772785	        0.607523	    -4.46433e+11	               0	
        0.772785	        0.607523	    -4.46433e+11	               0	
        0.772785	        0.607523	    -4.46433e+11	               0	
        0.772785	        0.607523	    -4.46433e+11	               0	
        0.772785	        0.607523	    -4.46433e+11	               0	
        0.772785	        0.607523	    -4.46433e+11	               0	
        0.772785	        0.607523	    -4.46433e+11	               0	
        0.772785	        0.607523	    -4.46433e+11	               0	
        0.772785	        0.607523	    -4.46433e+11	               0	
        0.772785	        0.607523	    -4.46433e+11	               0	
        0.772785	        0.607523	    -4.46433e+11	               0	
        0.772785	        0.607523	    -4.46433e+11	               0	
        0.772785	        0.607523	    -4.46433e+11	               0	
        0.772785	        0.607523	    -4.46433e+11	               0	
        0.772785	        0.607523	    -4.46433e+11	               0	
        0.772785	        0.607523	    -4.46433e+11	               0	
        0.772785	        0.607523	    -4.46433e+11	               0	
        0.772785	        0.607523	    -4.46433e+11	               0	
        0.772785	        0.607523	    -4.46433e+11	               0	
        0.772785	        0.607523	    -4.46433e+11	               0	
        0.772785	        0.607523	    -4.46433e+11	               0	
        0.772785	        0.607523	    -4.46433e+11	               0	
        0.772785	        0.607523	    -4.46433e+11	               0	
        0.772785	        0.607523	    -4.46433e+11	               0	
        0.772785	        0.607523	    -4.46433e+11	               0	
        0.772785	        0.607523	    -4.46433e+11	               0	
        0.772785	        0.607523	    -4.46433e+11	               0	
        0.772785	        0.607523	    -4.46433e+11	               0	
        0.772785	        0.607523	    -4.46433e+11	               0	
        0.772785	        0.607523	    -4.46433e+11	               0	
        0.772785	        0.607523	    -4.46433e+11	               0	
        0.772785	        0.607523	    -4.46433e+11	               0	
        0.772785	        0.607523	    -4.46433e+11	               0	
        0.772785	        0.607523	    -4.46433e+11	               0	
        0.772785	        0.607523	    -4.46433e+11	               0	
        0.772785	        0.607523	    -4.46433e+11	               0	
        0.772785	        0.607523	    -4.46433e+11	               0	
        0.772785	        0.607523	    -4.46433e+11	               0	
        0.772785	        0.607523	    -4.46433e+11	               0	
        0.772785	        0.607523	    -4.46433e+11	               0	
        0.772785	        0.607523	    -4.46433e+11	               0	
        0.772785	        0.607523	    -4.46433e+11	               0	
        0.772785	        0.607523	    -4.46433e+11	               0	
        0.772785	        0.607523	    -4.46433e+11	               0	
        0.772785	        0.607523	    -4.46433e+11	               0	
        0.772785	        0.607523	    -4.46433e+11	               0	
        0.772785	        0.607523	    -4.46433e+11	               0	
        0.772785	        0.607523	    -4.46433e+11	               0	
        0.772785	        0.607523	    -4.46433e+11	               0	
        0.772785	        0.607523	    -4.46433e+11	               0	
        0.772785	        0.607523	    -4.46433e+11	               0	
        0.772785	        0.607523	    -4.46433e+11	               0	
        0.772785	        0.607523	    -4.46433e+11	               0	
        0.772785	        0.607523	    -4.46433e+11	               0	
        0.772785	        0.607523	    -4.46433e+12	               0	
        0.772785	        0.607523	    -4.46433e+12	               0	
        0.772785	        0.607523	    -4.46433e+12	               0	
        0.772785	        0.607523	    -4.46433e+12	               0	
        0.772785	        0.607523	    -4.46433e+12	               0	
        0.772785	        0.607523	    -4.46433e+12	               0	
        0.772785	        0.607523	    -4.46433e+12	               0	
        0.772785	        0.607523	    -4.46433e+12	               0	
        0.772785	        0.607523	    -4.46433e+12	               0	
        0.772785	        0.607523	    -4.46433e+12	               0	
        0.772785	        0.607523	    -4.46433e+12	               0	
        0.772785	        0.607523	    -4.46433e+12	               0	
        0.772785	        0.607523	    -4.46433e+12	               0	
        0.772785	        0.607523	    -4.46433e+12	               0	
        0.772785	        0.607523	    -4.46433e+12	               0	
        0.772785	        0.607523	    -4.46433e+12	               0	
        0.772785	        0.607523	    -4.46433e+12	               0	
        0.772785	        0.607523	    -4.46433e+12	               0	
        0.772785	        0.607523	    -4.46433e+12	               0	
        0.772785	        0.607523	    -4.46433e+12	               0	
        0.817378	        0.619481	    -4.46763e+12	        0.047619	
        0.817378	        0.619481	    -4.46763e+12	       0.0454545	
        0.817378	        0.619481	    -4.46763e+12	       0.0434783	
        0.817378	        0.619481	    -4.46763e+12	       0.0416667	
        0.817378	        0.619481	    -4.46763e+12	            0.04	
        0.817378	        0.619481	    -4.46763e+12	       0.0384615	
        0.817378	        0.619481	    -4.46763e+12	        0.037037	
        0.817378	        0.619481	    -4.46763e+12	       0.0357143	
        0.817378	        0.619481	    -4.46763e+12	       0.0344828	
        0.817378	        0.619481	    -4.46763e+12	       0.0333333	
        0.817378	        0.619481	    -4.46763e+12	       0.0322581	
        0.817378	        0.619481	    -4.46763e+12	         0.03125	
        0.817378	        0.619481	    -4.46763e+12	        0.030303	
        0.817378	        0.619481	    -4.46763e+12	       0.0294118	
        0.817378	        0.619481	    -4.46763e+12	       0.0285714	
        0.817378	        0.619481	    -4.46763e+12	       0.0277778	
        0.817378	        0.619481	    -4.46763e+12	        0.027027	
        0.817378	        0.619481	    -4.46763e+12	       0.0263158	
        0.817378	        0.619481	    -4.46763e+12	        0.025641	
        0.817378	        0.619481	    -4.46763e+12	           0.025	
        0.817378	        0.619481	    -4.46763e+12	       0.0243902	
        0.817378	        0.619481	    -4.46763e+12	       0.0238095	
        0.817378	        0.619481	    -4.46763e+12	       0.0232558	
        0.817378	        0.619481	    -4.46763e+12	       0.0227273	
        0.817378	        0.619481	    -4.46763e+12	       0.0222222	
        0.817378	        0.619481	    -4.46763e+12	       0.0217391	
        0.817378	        0.619481	    -4.46763e+12	       0.0212766	
        0.817378	        0.619481	    -4.46763e+12	       0.0208333	
        0.817378	        0.619481	    -4.46763e+12	       0.0204082	
        0.817378	        0.619481	    -4.46763e+12	            0.02	
        0.817378	        0.619481	    -4.46763e+12	       0.0196078	
        0.817378	        0.619481	    -4.46763e+12	       0.0192308	
        0.817378	        0.619481	    -4.46763e+12	       0.0188679	
        0.817378	        0.619481	    -4.46763e+12	       0.0185185	
        0.817378	        0.619481	    -4.46763e+12	       0.0181818	
        0.817378	        0.619481	    -4.46763e+12	       0.0178571	
        0.817378	        0.619481	    -4.46763e+12	       0.0175439	
        0.817378	        0.619481	    -4.46763e+12	       0.0172414	
        0.817378	        0.619481	    -4.46763e+12	       0.0169492	
        0.817378	        0.619481	    -4.46763e+12	       0.0166667	
        0.817378	        0.619481	    -4.46763e+12	       0.0163934	
        0.817378	        0.619481	    -4.46763e+12	        0.016129	
        0.817378	        0.619481	    -4.46763e+12	        0.015873	
        0.817378	        0.619481	    -4.46763e+12	        0.015625	
        0.817378	        0.619481	    -4.46763e+12	       0.0153846	
        0.817378	        0.619481	    -4.46763e+12	       0.0151515	
        0.817378	        0.619481	    -4.46763e+12	       0.0149254	
        0.817378	        0.619481	    -4.46763e+12	       0.0147059	
        0.817378	        0.619481	    -4.46763e+12	       0.0144928	
        0.817378	        0.619481	    -4.46763e+12	       0.0142857	
        0.817378	        0.619481	    -4.46763e+12	       0.0140845	
        0.817378	        0.619481	    -4.46763e+12	       0.0138889	
        0.817378	        0.619481	    -4.46763e+12	       0.0136986	
        0.817378	        0.619481	    -4.46763e+12	       0.0135135	
        0.817378	        0.619481	    -4.46763e+12	       0.0133333	
        0.817378	        0.619481	    -4.46763e+12	       0.0131579	
        0.817378	        0.619481	    -4.46763e+12	        0.012987	
        0.817378	        0.619481	    -4.46763e+12	       0.0128205	
        0.817378	        0.619481	    -4.46763e+12	       0.0126582	
        0.817378	        0.619481	    -4.46763e+12	          0.0125	
        0.817378	        0.619481	    -4.46763e+12	       0.0123457	
        0.817378	        0.619481	    -4.46763e+12	       0.0121951	
        0.817378	        0.619481	    -4.46763e+12	       0.0120482	
        0.817378	        0.619481	    -4.46763e+12	       0.0119048	
        0.817378	        0.619481	    -4.46763e+12	       0.0117647	
        0.817378	        0.619481	    -4.46763e+12	       0.0116279	
        0.817378	        0.619481	    -4.46763e+12	       0.0114943	
        0.817378	        0.619481	    -4.46763e+12	       0.0113636	
        0.817378	        0.619481	    -4.46763e+12	        0.011236	
        0.817378	        0.619481	    -4.46763e+12	       0.0111111	
        0.817378	        0.619481	    -4.46763e+12	        0.010989	
        0.817378	        0.619481	    -4.46763e+12	       0.0108696	
        0.817378	        0.619481	    -4.46763e+12	       0.0107527	
        0.817378	        0.619481	    -4.46763e+12	       0.0106383	
        0.817378	        0.619481	    -4.46763e+12	       0.0105263	
        0.817378	        0.619481	    -4.46763e+12	       0.0104167	
        0.817378	        0.619481	    -4.46763e+12	       0.0103093	
        0.817378	        0.619481	    -4.46763e+12	       0.0102041	
        0.817378	        0.619481	    -4.46763e+12	        0.010101	
        0.817378	        0.619481	    -4.46763e+12	            0.01	
