               0.5                 1
          0.530612                 1
          0.561224                 1
          0.591837                 1
          0.622449                 1
          0.653061                 1
          0.683673                 1
          0.714286                 1
          0.744898                 1
           0.77551                 1
          0.806122                 1
          0.836735                 1
          0.867347                 1
          0.897959                 1
          0.928571                 1
          0.959184                 1
          0.989796                 1
           1.02041                 1
           1.05102                 1
           1.08163                 1
           1.11224                 1
           1.14286                 1
           1.17347                 1
           1.20408                 1
           1.23469                 1
           1.26531                 1
           1.29592                 1
           1.32653                 1
           1.35714                 1
           1.38776                 1
           1.41837                 1
           1.44898                 1
           1.47959                 1
            1.5102                 1
           1.54082                 1
           1.57143                 1
           1.60204                 1
           1.63265                 1
           1.66327                 1
           1.69388                 1
           1.72449                 1
            1.7551                 1
           1.78571                 1
           1.81633                 1
           1.84694                 1
           1.87755                 1
           1.90816                 1
           1.93878                 1
           1.96939                 1
                 2                 1
