                 2          0.267795          0.270507        0.00271206
                 2          0.346022           0.35248        0.00645737
                 2          0.425624          0.429461        0.00383767
                 2           0.47886          0.482947        0.00408666
                 2           0.51249          0.513247       0.000757814
                 2          0.528487           0.52828       0.000207139
                 2           0.52903          0.527944        0.00108606
                 2          0.523333          0.523351       1.78667e-05
                 2          0.516087          0.517027       0.000940333
                 2          0.505138          0.505718       0.000580416
                 2          0.496482          0.496073       0.000409135
                 2          0.486649          0.487191       0.000542134
                 2          0.479586          0.478811       0.000774947
                 2           0.47025          0.469515       0.000735066
                 2          0.461641          0.460104        0.00153667
                 2          0.453193          0.451733        0.00146008
                 2          0.443887          0.442996       0.000890852
                 2          0.434382          0.433759       0.000622584
                 2          0.425571          0.425214        0.00035729
                 2          0.415399          0.415732       0.000333177
                 2          0.406755          0.407018       0.000262793
                 2          0.396892          0.397663       0.000770764
                 2          0.387466          0.388234        0.00076857
                 2          0.378122          0.378714       0.000591798
                 2          0.368682          0.369246       0.000564794
                 2          0.360259          0.360301       4.25096e-05
                 2          0.351054          0.351473       0.000419026
                 2          0.342156          0.342719       0.000562309
                 2          0.333496          0.334008       0.000512308
                 2          0.325287          0.325703       0.000415767
                 2          0.317131          0.317579       0.000447952
                 2          0.309347          0.309689       0.000341998
                 2          0.301689          0.301995       0.000305106
                 2          0.294099            0.2942       0.000100991
                 2           0.28684          0.286922       8.23122e-05
                 2          0.279431          0.279706       0.000274619
                 2          0.272417          0.272541       0.000124493
                 2          0.265449          0.265634       0.000184867
                 2          0.258946          0.258977       3.08296e-05
                 2          0.252906          0.252771       0.000135072
                 2          0.246693          0.246434       0.000258914
                 2          0.240663          0.240388       0.000274891
                 2          0.234772          0.234538       0.000233536
                 2           0.22928          0.228953       0.000326454
                 2          0.223557          0.223215       0.000342302
                 2          0.218254          0.217878        0.00037592
                 2          0.212991           0.21263       0.000361462
                 2           0.20807          0.207571       0.000498413
                 2          0.203089          0.202615       0.000473183
                 2          0.198344          0.197776       0.000568338
