                 2           90.0943           89.9812          0.113092
                 2           79.9362           79.5314          0.404797
                 2           69.3359           68.8268          0.509018
                 2           59.5346           58.8932          0.641406
                 2           50.2042           49.7012          0.502989
                 2           42.1319           41.7256          0.406324
                 2           35.2232           34.9108          0.312424
                 2           29.7098           29.5277          0.182161
                 2           25.0621           24.9781         0.0840243
                 2           21.0308           21.0421          0.011336
                 2           18.1013           18.0213         0.0799403
                 2           15.6503           15.5756         0.0746958
                 2           13.6879             13.54          0.147894
                 2           12.0629           11.9399          0.123028
                 2           10.6904            10.595         0.0953938
                 2           9.52273           9.46024         0.0624898
                 2            8.5672           8.50808         0.0591197
                 2           7.74847           7.69203         0.0564385
                 2           7.04542           6.99805         0.0473739
                 2           6.42222           6.38497         0.0372507
                 2           5.91734            5.8791         0.0382479
                 2           5.43437           5.40998         0.0243899
                 2           5.02563           5.00384         0.0217821
                 2           4.66265             4.645         0.0176482
                 2           4.33852           4.32477         0.0137471
                 2           4.04545           4.03862        0.00682741
                 2           3.79499            3.7879        0.00709576
                 2           3.55741            3.5567       0.000711088
                 2           3.35395           3.35207        0.00188254
                 2             3.165           3.16466       0.000341934
                 2           2.99276           2.99089        0.00187201
                 2           2.83848            2.8385       1.66186e-05
                 2             2.695           2.69539       0.000384187
                 2           2.56722            2.5659        0.00131585
                 2             2.446           2.44393        0.00207355
                 2           2.33575           2.33477       0.000976004
                 2           2.23447           2.23115        0.00332126
                 2           2.14049           2.13684        0.00365371
                 2           2.05013           2.04714        0.00299096
                 2           1.96467           1.96349        0.00118202
                 2           1.88561           1.88603       0.000419463
                 2           1.81402            1.8134       0.000621821
                 2           1.74746           1.74735       0.000115136
                 2           1.68413           1.68342        0.00070985
                 2           1.62661           1.62575       0.000861989
                 2           1.57004           1.56959       0.000450076
                 2           1.51805           1.51755       0.000502829
                 2           1.46911           1.46789        0.00122009
                 2            1.4228           1.42188       0.000923353
                 2           1.37891           1.37751        0.00140014
