                 2          0.878781          0.879791         0.0010101
                 2          0.835932             0.822         0.0139315
                 2          0.762844          0.750462         0.0123821
                 2          0.687343          0.678643         0.0086997
                 2           0.61102          0.604871        0.00614926
                 2          0.542901          0.535618        0.00728364
                 2          0.474237          0.467416        0.00682094
                 2           0.41866          0.414606        0.00405374
                 2          0.368981          0.365692        0.00328844
                 2          0.317578          0.316915        0.00066276
                 2          0.282711          0.281284        0.00142758
                 2          0.251852          0.250863        0.00098966
                 2          0.225873          0.223737        0.00213604
                 2          0.203392          0.201056        0.00233566
                 2          0.183593          0.181732        0.00186172
                 2          0.167149          0.164829        0.00232012
                 2          0.152914          0.150433        0.00248148
                 2          0.140777          0.137749        0.00302894
                 2          0.128835          0.127275         0.0015604
                 2          0.118758          0.117231        0.00152612
                 2          0.111595          0.109584        0.00201108
                 2          0.103349          0.101549        0.00180066
                 2         0.0957535         0.0945663         0.0011872
                 2         0.0889425         0.0879931         0.0009494
                 2         0.0832924         0.0822071         0.0010853
                 2         0.0784056         0.0774538        0.00095174
                 2         0.0738025         0.0729048        0.00089772
                 2         0.0690504         0.0683628         0.0006876
                 2         0.0649214         0.0645137        0.00040768
                 2          0.061308         0.0612523         5.562e-05
                 2         0.0579465         0.0578842         6.232e-05
                 2         0.0550864         0.0550096         7.684e-05
                 2         0.0526133         0.0528057        0.00019246
                 2         0.0502458          0.050424        0.00017824
                 2         0.0481652         0.0481905         2.524e-05
                 2         0.0463517         0.0460669        0.00028482
                 2         0.0444561         0.0440606        0.00039556
                 2         0.0427528         0.0423541        0.00039866
                 2         0.0410821         0.0405913        0.00049082
                 2         0.0392078         0.0388947        0.00031314
                 2         0.0374792         0.0372456        0.00023352
                 2         0.0361047         0.0359088        0.00019592
                 2         0.0349026         0.0347217        0.00018084
                 2         0.0337544         0.0334287        0.00032574
                 2         0.0326108         0.0324181        0.00019278
                 2         0.0315508         0.0313659        0.00018496
                 2         0.0306478         0.0303479         0.0002999
                 2         0.0298356         0.0293527        0.00048294
                 2         0.0288107         0.0284179        0.00039286
                 2          0.027878         0.0275173         0.0003607
