                 2          -1.00309          -1.00296       0.000131118
                 2         -0.994348         -0.993601        0.00074691
                 2         -0.982291         -0.981402       0.000889681
                 2         -0.968807         -0.967719        0.00108891
                 2         -0.953384         -0.952508       0.000875785
                 2           -0.9375         -0.936702       0.000797993
                 2         -0.921136         -0.920659       0.000476819
                 2         -0.905228         -0.905034       0.000193915
                 2         -0.889419         -0.889281       0.000138009
                 2         -0.873059         -0.873226       0.000166425
                 2         -0.857894         -0.857768       0.000125272
                 2         -0.843036         -0.842746       0.000290113
                 2         -0.828323         -0.827857       0.000465521
                 2         -0.813734         -0.813432       0.000302233
                 2         -0.799613          -0.79933       0.000282274
                 2         -0.785412         -0.785278       0.000134202
                 2         -0.771748          -0.77152        0.00022779
                 2         -0.758564         -0.758316       0.000248379
                 2         -0.745317         -0.745231        8.6608e-05
                 2         -0.732472         -0.732352       0.000119562
                 2         -0.719811         -0.719781       2.94216e-05
                 2         -0.707252         -0.707372       0.000120667
                 2         -0.695326         -0.695447       0.000120576
                 2         -0.683742         -0.683743       1.05204e-06
                 2         -0.672336         -0.672367        3.1774e-05
                 2         -0.661239         -0.661272       3.29652e-05
                 2         -0.650357         -0.650366        8.6056e-06
                 2         -0.639714         -0.639708         5.472e-06
                 2         -0.629425         -0.629377       4.81136e-05
                 2          -0.61931          -0.61925       5.99524e-05
                 2         -0.609488         -0.609419       6.86064e-05
                 2         -0.599865         -0.599817       4.74168e-05
                 2         -0.590513         -0.590505        8.1508e-06
                 2         -0.581415         -0.581362       5.33152e-05
                 2         -0.572498         -0.572429       6.86952e-05
                 2         -0.563863         -0.563789       7.42164e-05
                 2         -0.555398         -0.555339       5.88712e-05
                 2         -0.547148         -0.547092       5.66132e-05
                 2         -0.539205         -0.539079       0.000126496
                 2         -0.531323         -0.531207       0.000115863
                 2         -0.523754         -0.523626        0.00012763
                 2         -0.516334         -0.516172       0.000161278
                 2         -0.509077         -0.508939       0.000138097
                 2         -0.502047         -0.501901       0.000146235
                 2          -0.49516         -0.495017       0.000143656
                 2         -0.488435         -0.488312       0.000122659
                 2         -0.481872          -0.48174       0.000131998
                 2         -0.475449         -0.475297       0.000151739
                 2         -0.469197         -0.469049       0.000147217
                 2          -0.46302         -0.462882       0.000137774
