                 2        -0.0221497       -0.00961586         0.0125338
                 2        0.00512864       -0.00498326         0.0101119
                 2        -0.0171844        -0.0314076         0.0142232
                 2        0.00169428        -0.0153762         0.0170705
                 2        -0.0027374       -0.00825382        0.00551642
                 2         -0.004165       -0.00743834        0.00327334
                 2       -0.00279892       -0.00602576        0.00322684
                 2          0.000375       -0.00339146        0.00376646
                 2        0.00084212       -0.00167884        0.00252096
                 2       -0.00355896        -0.0038338        0.00027484
                 2       -0.00356696       -0.00385926         0.0002923
                 2       -0.00397256       -0.00356674        0.00040582
                 2       -0.00353592       -0.00347916         5.676e-05
                 2        -0.0014216        -0.0015999         0.0001783
                 2        0.00016804       -0.00112464        0.00129268
                 2        0.00081808       -0.00041484        0.00123292
                 2        0.00171964         8.862e-05        0.00163102
                 2         0.0022894        0.00060438        0.00168502
                 2        0.00249076        0.00102108        0.00146968
                 2         0.0035802         0.0014939         0.0020863
                 2        0.00356288        0.00155558         0.0020073
                 2         0.0035518        0.00176752        0.00178428
                 2        0.00294368        0.00133696        0.00160672
                 2        0.00208064        0.00087494         0.0012057
                 2        0.00172496        0.00065202        0.00107294
                 2        0.00153616        0.00097038        0.00056578
                 2        0.00179876        0.00066316         0.0011356
                 2        0.00120324        0.00027924          0.000924
                 2         0.0011284         0.0003382         0.0007902
                 2        0.00033268        0.00028588          4.68e-05
                 2        0.00036656        0.00016622        0.00020034
                 2         0.0006062         0.0004567         0.0001495
                 2        0.00049748        0.00053018          3.27e-05
                 2        0.00051612        0.00044094         7.518e-05
                 2        0.00072928        0.00057758         0.0001517
                 2          0.000911         0.0004988         0.0004122
                 2         0.0007532        0.00019882        0.00055438
                 2          0.000957        0.00044678        0.00051022
                 2        0.00099888        0.00045636        0.00054252
                 2        0.00072836        0.00041778        0.00031058
                 2          0.000467        0.00030532        0.00016168
                 2        0.00037032        0.00024302         0.0001273
                 2        0.00037244        0.00024154         0.0001309
                 2        0.00049048        0.00030888         0.0001816
                 2         0.0006244        0.00041386        0.00021054
                 2        0.00065732        0.00044796        0.00020936
                 2         0.0006808        0.00038952        0.00029128
                 2        0.00075816        0.00044464        0.00031352
                 2        0.00068516        0.00031472        0.00037044
                 2        0.00060068        0.00025622        0.00034446
