                 2         -0.973277         -0.973824        0.00054644
                 2         -0.963003         -0.962794          0.000209
                 2         -0.951043         -0.951173        0.00012984
                 2         -0.938264         -0.938502        0.00023744
                 2         -0.925499         -0.925442         5.776e-05
                 2         -0.912156         -0.912028         0.0001286
                 2         -0.898733         -0.898816         8.332e-05
                 2         -0.885408         -0.885522        0.00011432
                 2         -0.872126         -0.872295          0.000169
                 2         -0.858824         -0.858867         4.232e-05
                 2         -0.845645         -0.845505        0.00014068
                 2         -0.831961         -0.831837        0.00012396
                 2         -0.818523          -0.81836        0.00016308
                 2         -0.805007         -0.804926         8.104e-05
                 2         -0.791825         -0.791761         6.432e-05
                 2         -0.778515         -0.778508       7.04001e-06
                 2         -0.765615         -0.765568         4.632e-05
                 2         -0.752794         -0.752745         4.892e-05
                 2         -0.740189         -0.740163         2.604e-05
                 2         -0.727713          -0.72775         3.704e-05
                 2         -0.715497         -0.715518         2.076e-05
                 2         -0.703426         -0.703597        0.00017124
                 2         -0.691701         -0.691873        0.00017264
                 2         -0.680387          -0.68051        0.00012216
                 2         -0.669317         -0.669383         6.556e-05
                 2         -0.658351          -0.65847         0.0001192
                 2         -0.647792         -0.647802         1.052e-05
                 2         -0.637263         -0.637312          4.84e-05
                 2         -0.627189         -0.627153         3.628e-05
                 2         -0.617214          -0.61716         5.364e-05
                 2         -0.607477         -0.607428         4.868e-05
                 2         -0.598031         -0.597994         3.784e-05
                 2         -0.588735         -0.588717         1.828e-05
                 2         -0.579756         -0.579677         7.904e-05
                 2         -0.570932         -0.570883         4.896e-05
                 2         -0.562353         -0.562258         9.504e-05
                 2         -0.553915         -0.553875         4.004e-05
                 2         -0.545834         -0.545748           8.6e-05
                 2         -0.537886         -0.537799         8.688e-05
                 2         -0.530091         -0.529976        0.00011476
                 2         -0.522521         -0.522409        0.00011148
                 2         -0.515142          -0.51502         0.0001216
                 2         -0.507968         -0.507838        0.00013016
                 2         -0.500995         -0.500891        0.00010364
                 2         -0.494116         -0.494038         7.756e-05
                 2          -0.48745         -0.487341        0.00010848
                 2         -0.480921         -0.480795        0.00012556
                 2         -0.474524         -0.474401        0.00012252
                 2         -0.468279         -0.468159        0.00011992
                 2         -0.462204         -0.462068         0.0001358
