                 2          0.336616          0.331416        0.00520011
                 2          0.377703          0.378236        0.00053362
                 2          0.407592          0.406014        0.00157763
                 2          0.422352          0.420069        0.00228287
                 2          0.431108          0.429982        0.00112556
                 2          0.432308          0.430266        0.00204151
                 2           0.43279          0.432203       0.000586673
                 2          0.436583           0.43498        0.00160267
                 2          0.437032          0.437637       0.000604926
                 2          0.438727          0.438645       8.16799e-05
                 2           0.43898          0.439706       0.000726095
                 2          0.438597          0.439471       0.000874482
                 2          0.438167          0.438041       0.000125633
                 2          0.435104          0.434992       0.000112013
                 2          0.432327          0.431619       0.000707589
                 2          0.427378          0.426647       0.000730159
                 2          0.422341          0.421973       0.000368244
                 2          0.416005          0.415969       3.54686e-05
                 2          0.409483          0.409671       0.000188028
                 2          0.401568          0.401952       0.000383557
                 2          0.393963          0.394623       0.000659891
                 2          0.385417          0.386429        0.00101204
                 2          0.377792          0.378638       0.000846442
                 2          0.370084          0.370608       0.000524326
                 2          0.362017          0.362314       0.000296815
                 2          0.353738          0.353684       5.39714e-05
                 2           0.34553          0.345672       0.000142403
                 2          0.337054          0.337393       0.000338908
                 2          0.329118          0.329344       0.000225574
                 2           0.32143            0.3215       6.99767e-05
                 2          0.313491          0.313599       0.000107926
                 2          0.305841          0.305902       6.07025e-05
                 2          0.298433          0.298376       5.72932e-05
                 2          0.291034          0.291048       1.38925e-05
                 2          0.283888          0.283996       0.000107359
                 2          0.276746          0.276952        0.00020618
                 2          0.269789          0.270107       0.000317484
                 2          0.263144          0.263296       0.000152459
                 2          0.256714          0.256865       0.000150169
                 2          0.250669          0.250738       6.83976e-05
                 2          0.244961          0.244676       0.000284997
                 2          0.239044          0.238718       0.000326011
                 2           0.23329          0.233063       0.000226265
                 2          0.227834          0.227439       0.000394431
                 2          0.222467          0.222051       0.000416395
                 2            0.2168          0.216527       0.000272792
                 2          0.211915          0.211575        0.00033931
                 2           0.20701          0.206592       0.000417776
                 2           0.20211           0.20164       0.000470101
                 2          0.197303          0.196887       0.000416638
