                 2           78.1891           78.7458          0.556689
                 2           66.6018            66.442          0.159761
                 2           55.7267           55.8383           0.11158
                 2           46.2232           46.3817          0.158508
                 2           38.8476            38.674          0.173547
                 2           32.1193           31.9647          0.154561
                 2            26.756           26.8256         0.0696535
                 2           22.7156           22.7264          0.010895
                 2           19.4105           19.5221          0.111585
                 2           16.8062           16.8039        0.00232838
                 2           14.8203           14.7677         0.0526626
                 2            12.961           12.9447         0.0163311
                 2           11.5618           11.5074         0.0544221
                 2           10.3415           10.2954         0.0460931
                 2            9.3124           9.28161         0.0307832
                 2           8.37214            8.3584         0.0137419
                 2            7.6297           7.62335        0.00634688
                 2           6.95865           6.94603         0.0126249
                 2           6.40127           6.38105         0.0202239
                 2           5.87419           5.86466        0.00953547
                 2           5.43948           5.42875         0.0107279
                 2           5.03801           5.03629        0.00171472
                 2            4.6794            4.6829        0.00350128
                 2           4.37145           4.37568        0.00422799
                 2           4.09757           4.09447        0.00310279
                 2           3.84116           3.83782        0.00333456
                 2           3.60615           3.60839        0.00223125
                 2            3.3969           3.40398        0.00708893
                 2           3.21981           3.22059       0.000778636
                 2            3.0457           3.04869        0.00299661
                 2           2.88795           2.89102        0.00307399
                 2           2.74735           2.74762       0.000266035
                 2           2.61568             2.614        0.00168325
                 2           2.49475           2.49215        0.00259676
                 2           2.38021           2.37841        0.00180162
                 2           2.27655           2.27401        0.00254225
                 2           2.17872           2.17693        0.00179339
                 2           2.08744           2.08673       0.000706752
                 2           2.00364            2.0026        0.00103825
                 2           1.92334           1.92292       0.000423053
                 2            1.8483           1.84856       0.000257282
                 2            1.7806              1.78       0.000600239
                 2           1.71606           1.71509        0.00096824
                 2           1.65618           1.65655        0.00036434
                 2           1.59875           1.59877       2.31951e-05
                 2           1.54641           1.54556       0.000852089
                 2           1.49629           1.49573       0.000558317
                 2           1.44882           1.44809       0.000732339
                 2           1.40404           1.40291        0.00112474
                 2            1.3616           1.36024        0.00136582
