              mu	           sigma	          energy	      acceptance	
         2.03633	         1.93601	         43.4986	               1	
         2.06223	         1.86012	         42.5046	               1	
         2.04472	          1.8164	         39.2068	               1	
         2.04472	          1.8164	         39.2068	            0.75	
         2.04472	          1.8164	         39.2068	             0.6	
         2.04472	          1.8164	         39.2068	             0.5	
         2.04472	          1.8164	         39.2068	        0.428571	
           2.053	         1.81867	         44.9178	             0.5	
         2.11192	         1.74494	         44.1807	        0.555556	
           2.158	         1.68127	         44.8153	             0.6	
          2.1373	         1.69481	         43.2998	        0.636364	
         2.17783	         1.61253	         43.5751	        0.666667	
         2.08601	         1.55409	         32.5472	        0.692308	
         2.03329	         1.45837	         30.2417	        0.714286	
         2.03329	         1.45837	         30.2417	        0.666667	
         1.94663	         1.47926	         26.1729	          0.6875	
         1.94663	         1.47926	         26.1729	        0.647059	
         1.94663	         1.47926	         26.1729	        0.611111	
         1.85149	         1.41853	         20.6668	        0.631579	
         1.85149	         1.41853	         20.6668	             0.6	
         1.80151	         1.36483	         17.2164	        0.619048	
         1.80151	         1.36483	         17.2164	        0.590909	
         1.73345	         1.36196	         15.4786	        0.608696	
         1.73345	         1.36196	         15.4786	        0.583333	
         1.67745	         1.40513	         13.9393	             0.6	
         1.66864	         1.44144	         14.6783	        0.615385	
         1.58859	          1.4991	          13.523	         0.62963	
         1.57663	         1.40372	         11.6792	        0.642857	
         1.53972	         1.31395	         9.21973	        0.655172	
         1.53972	         1.31395	         9.21973	        0.633333	
          1.5772	         1.29081	         10.2297	        0.645161	
         1.55848	         1.34205	         10.0681	         0.65625	
         1.55848	         1.34205	         10.0681	        0.636364	
         1.64204	         1.43499	         13.7132	        0.647059	
         1.66063	         1.37039	         13.3216	        0.657143	
         1.69549	         1.40608	         14.8035	        0.666667	
          1.6806	         1.32805	         13.0283	        0.675676	
         1.72604	         1.25433	         12.9722	        0.684211	
         1.70166	         1.16153	         10.7767	        0.692308	
         1.70166	         1.16153	         10.7767	           0.675	
         1.68623	         1.16415	         10.4547	        0.682927	
         1.68623	         1.16415	         10.4547	        0.666667	
         1.61305	         1.18469	         9.51918	        0.674419	
         1.59095	         1.24174	         9.58371	        0.681818	
         1.51838	         1.29241	          9.2445	        0.688889	
         1.51838	         1.29241	          9.2445	        0.673913	
         1.55157	         1.29526	         9.61699	        0.680851	
         1.55157	         1.29526	         9.61699	        0.666667	
         1.60895	         1.23708	         9.59106	        0.673469	
         1.60895	         1.23708	         9.59106	            0.66	
         1.60741	         1.20049	         956.011	               1	
         1.53312	         1.20207	           772.2	               1	
         1.44283	         1.11537	         552.664	               1	
         1.40041	         1.19099	         548.667	               1	
         1.37663	         1.10191	          454.42	               1	
         1.37663	         1.10191	          454.42	        0.833333	
         1.33809	         1.18275	         452.715	        0.857143	
         1.33809	         1.18275	         452.715	            0.75	
         1.32665	         1.19192	         437.741	        0.777778	
         1.32665	         1.19192	         437.741	             0.7	
         1.32665	         1.19192	         437.741	        0.636364	
         1.24259	         1.19063	         366.305	        0.666667	
         1.24259	         1.19063	         366.305	        0.615385	
         1.18582	         1.23543	         366.234	        0.642857	
         1.09401	         1.27409	         293.126	        0.666667	
          1.0229	         1.29348	         242.772	          0.6875	
          1.0229	         1.29348	         242.772	        0.647059	
          1.0229	         1.29348	         242.772	        0.611111	
          1.0229	         1.29348	         242.772	        0.578947	
         1.01023	         1.21007	         197.076	             0.6	
        0.944537	         1.13972	         109.062	        0.619048	
        0.944537	         1.13972	         109.062	        0.590909	
        0.887922	         1.18647	         104.954	        0.608696	
        0.864608	         1.17153	         92.7708	           0.625	
        0.864608	         1.17153	         92.7708	             0.6	
        0.861672	         1.17852	          91.113	        0.615385	
        0.861672	         1.17852	          91.113	        0.592593	
        0.815128	         1.16309	         67.8776	        0.607143	
        0.815128	         1.16309	         67.8776	        0.586207	
        0.815128	         1.16309	         67.8776	        0.566667	
        0.815128	         1.16309	         67.8776	        0.548387	
        0.815128	         1.16309	         67.8776	         0.53125	
        0.743224	         1.12514	         37.7067	        0.545455	
        0.740812	         1.11114	         29.4458	        0.558824	
        0.676406	         1.11338	          25.929	        0.571429	
        0.676406	         1.11338	          25.929	        0.555556	
        0.676406	         1.11338	          25.929	        0.540541	
        0.732262	         1.01519	         5.01955	        0.552632	
        0.732262	         1.01519	         5.01955	        0.538462	
        0.791403	        0.972928	        0.846907	            0.55	
        0.791403	        0.972928	        0.846907	        0.536585	
        0.791403	        0.972928	        0.846907	         0.52381	
        0.791403	        0.972928	        0.846907	        0.511628	
         0.87396	        0.899203	        0.502956	        0.522727	
         0.87396	        0.899203	        0.502956	        0.511111	
        0.814516	        0.851343	         -21.069	        0.521739	
        0.814516	        0.851343	         -21.069	        0.510638	
        0.814516	        0.851343	         -21.069	             0.5	
        0.814516	        0.851343	         -21.069	        0.489796	
        0.814516	        0.851343	         -21.069	            0.48	
        0.814516	        0.851343	         -2106.9	               0	
        0.814516	        0.851343	         -2106.9	               0	
        0.741995	        0.791467	        -3162.04	        0.333333	
        0.741995	        0.791467	        -3162.04	            0.25	
        0.665608	        0.802847	        -3191.31	             0.4	
        0.665608	        0.802847	        -3191.31	        0.333333	
        0.585062	         0.73021	        -3264.04	        0.428571	
        0.585062	         0.73021	        -3264.04	           0.375	
        0.585062	         0.73021	        -3264.04	        0.333333	
        0.585062	         0.73021	        -3264.04	             0.3	
        0.585062	         0.73021	        -3264.04	        0.272727	
        0.585062	         0.73021	        -3264.04	            0.25	
        0.585062	         0.73021	        -3264.04	        0.230769	
        0.585062	         0.73021	        -3264.04	        0.214286	
        0.585062	         0.73021	        -3264.04	             0.2	
        0.585062	         0.73021	        -3264.04	          0.1875	
        0.585062	         0.73021	        -3264.04	        0.176471	
        0.585062	         0.73021	        -3264.04	        0.166667	
        0.656617	         0.68467	        -3688.93	        0.210526	
        0.693075	        0.665935	        -3960.15	            0.25	
        0.693075	        0.665935	        -3960.15	        0.238095	
        0.695763	        0.603554	         -4023.8	        0.272727	
        0.716621	        0.658581	        -4181.29	        0.304348	
        0.716621	        0.658581	        -4181.29	        0.291667	
        0.797585	        0.667967	        -4301.94	            0.32	
        0.764346	        0.627423	        -4416.67	        0.346154	
        0.764346	        0.627423	        -4416.67	        0.333333	
        0.764346	        0.627423	        -4416.67	        0.321429	
        0.764346	        0.627423	        -4416.67	        0.310345	
        0.764346	        0.627423	        -4416.67	             0.3	
        0.764346	        0.627423	        -4416.67	        0.290323	
        0.764346	        0.627423	        -4416.67	         0.28125	
        0.764346	        0.627423	        -4416.67	        0.272727	
        0.764346	        0.627423	        -4416.67	        0.264706	
        0.764346	        0.627423	        -4416.67	        0.257143	
        0.764346	        0.627423	        -4416.67	            0.25	
        0.764346	        0.627423	        -4416.67	        0.243243	
        0.764346	        0.627423	        -4416.67	        0.236842	
        0.764346	        0.627423	        -4416.67	        0.230769	
        0.764346	        0.627423	        -4416.67	           0.225	
        0.764346	        0.627423	        -4416.67	        0.219512	
        0.764346	        0.627423	        -4416.67	        0.214286	
        0.764346	        0.627423	        -4416.67	        0.209302	
        0.764346	        0.627423	        -4416.67	        0.204545	
        0.764346	        0.627423	        -4416.67	             0.2	
        0.764346	        0.627423	        -4416.67	        0.195652	
        0.816096	        0.595334	        -4440.44	        0.212766	
        0.816096	        0.595334	        -4440.44	        0.208333	
        0.816096	        0.595334	        -4440.44	        0.204082	
        0.816096	        0.595334	        -4440.44	             0.2	
        0.816096	        0.595334	         -444044	               0	
        0.816096	        0.595334	         -444044	               0	
        0.816096	        0.595334	         -444044	               0	
        0.816096	        0.595334	         -444044	               0	
        0.816096	        0.595334	         -444044	               0	
        0.816096	        0.595334	         -444044	               0	
        0.816096	        0.595334	         -444044	               0	
        0.816096	        0.595334	         -444044	               0	
        0.816096	        0.595334	         -444044	               0	
        0.816096	        0.595334	         -444044	               0	
        0.816096	        0.595334	         -444044	               0	
        0.816096	        0.595334	         -444044	               0	
        0.816096	        0.595334	         -444044	               0	
        0.816096	        0.595334	         -444044	               0	
        0.816096	        0.595334	         -444044	               0	
        0.816096	        0.595334	         -444044	               0	
        0.816096	        0.595334	         -444044	               0	
        0.816096	        0.595334	         -444044	               0	
        0.816096	        0.595334	         -444044	               0	
        0.816096	        0.595334	         -444044	               0	
        0.816096	        0.595334	         -444044	               0	
        0.816096	        0.595334	         -444044	               0	
        0.816096	        0.595334	         -444044	               0	
        0.816096	        0.595334	         -444044	               0	
        0.816096	        0.595334	         -444044	               0	
        0.816096	        0.595334	         -444044	               0	
        0.816096	        0.595334	         -444044	               0	
        0.816096	        0.595334	         -444044	               0	
        0.816096	        0.595334	         -444044	               0	
        0.816096	        0.595334	         -444044	               0	
        0.816096	        0.595334	         -444044	               0	
        0.816096	        0.595334	         -444044	               0	
        0.816096	        0.595334	         -444044	               0	
        0.816096	        0.595334	         -444044	               0	
        0.816096	        0.595334	         -444044	               0	
        0.816096	        0.595334	         -444044	               0	
        0.816096	        0.595334	         -444044	               0	
        0.816096	        0.595334	         -444044	               0	
        0.816096	        0.595334	         -444044	               0	
        0.816096	        0.595334	         -444044	               0	
        0.816096	        0.595334	         -444044	               0	
        0.816096	        0.595334	         -444044	               0	
        0.816096	        0.595334	         -444044	               0	
        0.816096	        0.595334	         -444044	               0	
        0.816096	        0.595334	         -444044	               0	
        0.816096	        0.595334	         -444044	               0	
        0.816096	        0.595334	         -444044	               0	
        0.816096	        0.595334	         -444044	               0	
        0.816096	        0.595334	         -444044	               0	
        0.816096	        0.595334	         -444044	               0	
