 energy_errors
       2.27188
       1.64296
       1.73699
       1.52166
       1.42265
       1.88236
         1.893
       2.04345
       1.54909
       1.56085
       1.41642
       1.40883
       1.35188
      0.922554
      0.810168
      0.939534
      0.743977
      0.881634
      0.870872
      0.621794
      0.696554
        0.4995
      0.580274
      0.400963
      0.469966
      0.412126
       0.54396
        0.4864
      0.460361
      0.306171
      0.422178
      0.320798
      0.327234
      0.486422
       0.49704
      0.449772
      0.551333
        0.3821
      0.347995
      0.222881
      0.358284
      0.226864
      0.301561
      0.287859
      0.290605
      0.310037
      0.265241
      0.336766
       0.34919
      0.322831
      0.312959
      0.246787
      0.235173
      0.170707
      0.206407
      0.149118
      0.259958
      0.156665
      0.145027
      0.157939
      0.240169
      0.242122
      0.168601
      0.180519
      0.178967
      0.145921
      0.139085
      0.117546
      0.159645
      0.176888
      0.125819
     0.0690052
     0.0824955
      0.078218
     0.0800491
     0.0871087
     0.0656352
      0.100378
     0.0637512
     0.0718768
     0.0653745
     0.0754583
     0.0682754
     0.0462816
     0.0453475
     0.0437979
     0.0460206
     0.0453488
      0.029501
     0.0391243
     0.0248386
     0.0277409
     0.0445391
     0.0505026
     0.0259332
     0.0497786
     0.0143785
     0.0244182
     0.0201861
     0.0323114
     0.0218088
     0.0256333
      0.017262
    0.00907264
     0.0180146
    0.00909811
    0.00443744
    0.00435928
    0.00669673
    0.00504271
    0.00403137
    0.00443255
    0.00428801
    0.00417169
    0.00499091
    0.00507071
    0.00440972
    0.00750205
    0.00482067
    0.00352534
    0.00302087
    0.00282773
     0.0028348
      0.003145
    0.00553627
    0.00330941
    0.00235247
    0.00273279
    0.00337544
    0.00371347
    0.00306774
    0.00375975
    0.00587583
    0.00444959
    0.00257777
    0.00254875
    0.00270576
    0.00359833
    0.00373088
    0.00726458
    0.00541898
    0.00227318
    0.00242637
    0.00207587
    0.00357489
    0.00236986
    0.00599969
    0.00201662
    0.00458759
    0.00267779
    0.00570951
    0.00444641
    0.00691065
    0.00360523
    0.00770523
    0.00321801
    0.00589931
    0.00289085
    0.00439268
    0.00375838
    0.00421867
    0.00449047
    0.00420358
    0.00274414
    0.00262105
     0.0033825
    0.00417445
    0.00359542
    0.00278628
    0.00818412
    0.00500355
    0.00279035
    0.00359211
     0.0029766
    0.00401922
    0.00351458
    0.00666729
    0.00499861
    0.00423739
    0.00220576
    0.00311638
    0.00257683
    0.00504181
    0.00270899
    0.00251511
    0.00704843
    0.00409569
     0.0033518
    0.00361761
    0.00467781
    0.00200565
    0.00319742
    0.00272587
    0.00296726
    0.00357866
    0.00384062
    0.00490269
    0.00274644
    0.00368241
    0.00369486
    0.00916673
