                 2          0.336563          0.331768        0.00479498
                 2          0.374195          0.376572        0.00237725
                 2          0.407736          0.406518         0.0012184
                 2          0.425121          0.422127        0.00299388
                 2          0.428594           0.42674        0.00185393
                 2          0.430943           0.43081       0.000133359
                 2          0.432348          0.433101       0.000753296
                 2          0.434498          0.434732       0.000233536
                 2           0.43582          0.435976       0.000156037
                 2          0.437682          0.438735        0.00105222
                 2          0.440084          0.440977       0.000893678
                 2          0.440128          0.440256       0.000127754
                 2          0.440303          0.439684       0.000618459
                 2          0.436921          0.436323       0.000598212
                 2          0.432758          0.432131       0.000626792
                 2          0.427233          0.427073       0.000159542
                 2          0.422249          0.421424       0.000824744
                 2          0.414712          0.415267       0.000555353
                 2          0.408518          0.409444       0.000925784
                 2          0.401573          0.400891       0.000682425
                 2           0.39441          0.393921       0.000488994
                 2          0.385291          0.385802       0.000510323
                 2          0.377692          0.377818       0.000126498
                 2           0.36985          0.369602       0.000247862
                 2          0.362556          0.362453       0.000102501
                 2          0.353885          0.353678       0.000206822
                 2            0.3454          0.345731       0.000331285
                 2           0.33641          0.336981       0.000571304
                 2          0.329401          0.329118       0.000283229
                 2          0.322172          0.321947       0.000224794
                 2          0.313983          0.313251       0.000732279
                 2          0.305222          0.305338       0.000116367
                 2          0.299088          0.298966       0.000122174
                 2          0.290818          0.290766        5.1615e-05
                 2          0.284085          0.284193        0.00010738
                 2          0.276482          0.276447       3.52649e-05
                 2          0.269728          0.270116       0.000388733
                 2          0.263695          0.263296       0.000399081
                 2          0.256664          0.256772       0.000108433
                 2          0.250318          0.250527        0.00020925
                 2          0.244649          0.244834       0.000185201
                 2          0.238296          0.238431       0.000135495
                 2          0.232665          0.232922         0.0002562
                 2          0.226585          0.226826       0.000240416
                 2          0.221499          0.221642        0.00014343
                 2          0.215876          0.216063       0.000186734
                 2          0.210752          0.210766       1.40346e-05
                 2          0.205807          0.206053       0.000246362
                 2           0.20137          0.201412       4.18245e-05
                 2          0.196688          0.196678       1.04124e-05
