                 2         -0.010131       -0.00113674        0.00899422
                 2         0.0104643         0.0116401         0.0011758
                 2        -0.0128849       -0.00898066        0.00390426
                 2       -0.00828068        -0.0062828        0.00199788
                 2       -0.00482756         0.0019095        0.00673706
                 2          0.007872        0.00276816        0.00510384
                 2        0.00071672         0.0023183        0.00160158
                 2       -0.00107956       -0.00066618        0.00041338
                 2       -0.00750852       -0.00263108        0.00487744
                 2        0.00290836       -0.00073434         0.0036427
                 2        0.00525508         0.0016178        0.00363728
                 2       -0.00184028        0.00135364        0.00319392
                 2       -0.00308872        0.00063616        0.00372488
                 2        0.00311452        0.00073014        0.00238438
                 2        -0.0015624        -0.0003051         0.0012573
                 2        -0.0028388       -0.00106614        0.00177266
                 2        0.00100112       -0.00059572        0.00159684
                 2        -0.0009616       -0.00074934        0.00021226
                 2       -0.00014152        -0.0004259        0.00028438
                 2       -0.00144196       -0.00084742        0.00059454
                 2       -0.00093288        0.00051072         0.0014436
                 2       -0.00038684        0.00133224        0.00171908
                 2        -5.028e-05        -0.0003325        0.00028222
                 2        0.00068024        -0.0001055        0.00078574
                 2       -0.00025276       -0.00024794          4.82e-06
                 2       -0.00062556         9.976e-05        0.00072532
                 2        0.00094508        0.00021146        0.00073362
                 2       -0.00030352        -3.552e-05          0.000268
                 2        -8.456e-05       -0.00016714         8.258e-05
                 2        0.00020544         8.052e-05        0.00012492
                 2         0.0011272        0.00066054        0.00046666
                 2        0.00074612         9.304e-05        0.00065308
                 2       -0.00039364        -9.454e-05         0.0002991
                 2        0.00041368        0.00036118          5.25e-05
                 2         9.952e-05        0.00013362          3.41e-05
                 2        0.00060364        0.00027396        0.00032968
                 2        0.00074636        0.00017386         0.0005725
                 2        0.00017208         -0.000305        0.00047708
                 2         5.912e-05        -0.0003026        0.00036172
                 2         6.048e-05        0.00010138          4.09e-05
                 2          6.32e-05             5e-05          1.32e-05
                 2        -0.0005866       -0.00028914        0.00029746
                 2        0.00057828         0.0003693        0.00020898
                 2        -0.0004742        -0.0001088         0.0003654
                 2       -0.00058832       -0.00037134        0.00021698
                 2        0.00019664        0.00047564          0.000279
                 2        0.00039352        0.00038016         1.336e-05
                 2       -0.00061004       -0.00042174         0.0001883
                 2         1.132e-05        -5.152e-05         6.284e-05
                 2        0.00027856         0.0001661        0.00011246
