                 2           78.3693           78.6986          0.329303
                 2           67.2987           67.1451          0.153628
                 2           55.5669           55.7184          0.151523
                 2           46.3843           46.4143         0.0300149
                 2           38.3962           38.5518          0.155571
                 2            32.094           32.1645         0.0704703
                 2           27.0261           26.9809          0.045214
                 2             23.03           23.0529         0.0229632
                 2           19.5758           19.5548         0.0210391
                 2           16.9546           16.9636        0.00898717
                 2           14.8109           14.8158        0.00494724
                 2           13.1355            13.079         0.0565307
                 2           11.5142           11.5442         0.0299928
                 2           10.2609           10.2979         0.0370158
                 2           9.22728           9.22177        0.00551027
                 2           8.37593           8.38123        0.00529738
                 2            7.6063           7.60493        0.00137653
                 2           6.98008           6.98276         0.0026774
                 2           6.41515           6.39025         0.0249001
                 2           5.88897           5.88043        0.00854135
                 2           5.43328           5.43911        0.00582713
                 2           5.05436           5.04351         0.0108554
                 2           4.68127           4.68002        0.00124721
                 2            4.3826           4.37966        0.00293811
                 2            4.0986           4.08957        0.00903074
                 2           3.84591           3.84368        0.00222422
                 2           3.62273           3.61549        0.00724364
                 2            3.4008           3.39861        0.00219194
                 2           3.21209           3.21119       0.000897326
                 2           3.03981            3.0439        0.00408147
                 2           2.89597            2.8912        0.00477126
                 2           2.74719           2.74892        0.00173005
                 2           2.61427           2.61418       8.98356e-05
                 2           2.48639           2.48778        0.00139634
                 2           2.37486           2.37599        0.00113002
                 2           2.26248           2.26777        0.00528971
                 2           2.17071           2.17211        0.00140199
                 2           2.09176           2.08515        0.00661054
                 2           2.00515           2.00285        0.00230775
                 2           1.92451           1.92332        0.00118339
                 2           1.84967           1.84782         0.0018501
                 2           1.78377           1.78154        0.00222704
                 2           1.71872           1.71929       0.000565354
                 2           1.65882           1.65408        0.00473069
                 2           1.59591           1.59754        0.00163304
                 2           1.54575           1.54577          2.45e-05
                 2           1.49469           1.49446       0.000230924
                 2            1.4482           1.44739       0.000811832
                 2            1.3996             1.399       0.000590762
                 2           1.36103           1.35908        0.00194938
