               0.5         0.0264319
          0.530612         0.0367701
          0.561224          0.049246
          0.591837         0.0618523
          0.622449         0.0742179
          0.653061         0.0877919
          0.683673          0.101198
          0.714286          0.114552
          0.744898          0.127534
           0.77551          0.141443
          0.806122          0.154577
          0.836735          0.167726
          0.867347          0.181274
          0.897959          0.194666
          0.928571          0.208163
          0.959184          0.221192
          0.989796          0.234334
           1.02041          0.247086
           1.05102          0.259721
           1.08163          0.272138
           1.11224          0.284258
           1.14286          0.296261
           1.17347          0.307678
           1.20408           0.31927
           1.23469          0.330663
           1.26531          0.341644
           1.29592          0.352322
           1.32653          0.362822
           1.35714          0.372791
           1.38776          0.382678
           1.41837          0.392537
           1.44898          0.401786
           1.47959          0.411232
            1.5102          0.420337
           1.54082          0.428986
           1.57143          0.437463
           1.60204          0.445873
           1.63265          0.454119
           1.66327          0.461913
           1.69388          0.469686
           1.72449          0.477275
            1.7551          0.484709
           1.78571          0.491813
           1.81633          0.498787
           1.84694          0.505724
           1.87755           0.51278
           1.90816          0.518876
           1.93878           0.52553
           1.96939          0.531944
                 2          0.537839
