                 2         -0.973417          -0.97382         0.0004036
                 2         -0.963682         -0.963497        0.00018448
                 2         -0.950804         -0.951016        0.00021292
                 2         -0.938227          -0.93852        0.00029332
                 2         -0.925222         -0.925513         0.0002912
                 2         -0.912277         -0.912409        0.00013248
                 2         -0.899082         -0.899038         4.308e-05
                 2         -0.886179         -0.886128         5.136e-05
                 2         -0.872527          -0.87239        0.00013684
                 2         -0.859062         -0.859088         2.656e-05
                 2         -0.845427         -0.845502         7.484e-05
                 2         -0.832341          -0.83225         9.104e-05
                 2         -0.818639         -0.818651           1.2e-05
                 2         -0.805081         -0.805158         7.716e-05
                 2         -0.791675         -0.791871        0.00019568
                 2         -0.778638         -0.778764        0.00012572
                 2         -0.765561          -0.76568        0.00011888
                 2         -0.753304         -0.753152        0.00015232
                 2         -0.740544         -0.740378        0.00016564
                 2         -0.728193          -0.72805        0.00014272
                 2          -0.71591         -0.715908       1.88003e-06
                 2          -0.70403         -0.703967         6.288e-05
                 2         -0.692163         -0.692181         1.856e-05
                 2         -0.681124         -0.680972        0.00015144
                 2         -0.669346         -0.669423          7.66e-05
                 2         -0.658489         -0.658561         7.168e-05
                 2         -0.647756         -0.647772          1.58e-05
                 2          -0.63746         -0.637401         5.836e-05
                 2         -0.627143         -0.627194         5.168e-05
                 2         -0.617285         -0.617203         8.168e-05
                 2         -0.607604          -0.60756         4.416e-05
                 2         -0.598247         -0.598222         2.432e-05
                 2         -0.589022         -0.588892        0.00013016
                 2         -0.579935         -0.579884         5.152e-05
                 2         -0.570966         -0.570935         3.092e-05
                 2         -0.562448         -0.562511         6.388e-05
                 2         -0.554066            -0.554         6.624e-05
                 2         -0.545988         -0.545947         4.128e-05
                 2         -0.538183         -0.537968        0.00021504
                 2         -0.530221         -0.530155         6.624e-05
                 2         -0.522545         -0.522439         0.0001058
                 2         -0.515152         -0.515176         2.408e-05
                 2          -0.50768         -0.507831        0.00015108
                 2         -0.501291         -0.501021        0.00026968
                 2         -0.493957         -0.494051         9.384e-05
                 2         -0.487311         -0.487372         6.116e-05
                 2         -0.480878         -0.480893         1.544e-05
                 2          -0.47432         -0.474402         8.224e-05
                 2         -0.468295         -0.468099        0.00019604
                 2         -0.462218         -0.462151         6.708e-05
