 energy_errors
     0.0319088
      0.138664
      0.209558
     0.0695824
     0.0548628
     0.0225238
     0.0134759
     0.0150338
     0.0130123
     0.0486758
      0.117237
     0.0339995
       0.13847
      0.064818
      0.201528
     0.0317314
     0.0161437
     0.0178353
     0.0293893
     0.0226473
     0.0679772
     0.0421642
     0.0405397
     0.0297115
      0.134653
      0.029301
     0.0230309
     0.0201247
     0.0352993
     0.0321136
     0.0135267
     0.0165584
      0.012074
    0.00967663
    0.00841151
    0.00843847
     0.0064265
    0.00988609
    0.00907453
     0.0101649
    0.00820669
    0.00822639
    0.00818622
    0.00867847
    0.00790074
    0.00795762
    0.00799459
    0.00738028
    0.00611995
    0.00665713
     0.0083179
     0.0113408
    0.00788189
     0.0154758
    0.00594226
    0.00816896
    0.00346131
    0.00409815
    0.00438589
     0.0042583
    0.00214613
    0.00361705
    0.00357588
    0.00657211
    0.00484476
    0.00348907
    0.00413418
    0.00239004
    0.00322595
    0.00700702
    0.00300594
    0.00266982
    0.00441739
      0.004835
    0.00208546
    0.00295251
    0.00290685
     0.0049356
    0.00228286
    0.00180985
    0.00249001
    0.00337387
    0.00497771
     0.0027743
    0.00211102
    0.00275466
    0.00367141
    0.00395474
    0.00388354
    0.00319098
    0.00239246
     0.0022087
    0.00577622
     0.0084835
    0.00325468
    0.00501459
    0.00347402
    0.00420029
    0.00511789
     0.0086843
    0.00593683
    0.00919479
    0.00494453
    0.00220997
    0.00388363
     0.0028225
    0.00424368
     0.0042561
    0.00425441
    0.00310762
    0.00439041
    0.00225888
    0.00265654
    0.00473605
    0.00556343
    0.00307619
    0.00183594
    0.00421031
    0.00266743
    0.00237989
    0.00199954
    0.00285968
    0.00296925
    0.00351377
    0.00516011
    0.00277263
    0.00250265
    0.00395699
    0.00402314
    0.00432534
    0.00381358
    0.00255516
    0.00572918
    0.00403319
    0.00248921
    0.00234857
    0.00357188
    0.00291742
    0.00428485
    0.00602534
    0.00576849
    0.00336642
    0.00281843
    0.00238264
    0.00442197
    0.00265004
    0.00542325
    0.00239215
    0.00416433
    0.00225668
    0.00697569
    0.00487319
    0.00739447
    0.00346395
    0.00866139
    0.00319296
    0.00665687
    0.00266055
    0.00441376
    0.00390725
    0.00363184
    0.00442864
    0.00461997
    0.00255731
    0.00389076
    0.00346528
    0.00410006
    0.00375075
    0.00306228
      0.008917
    0.00434402
    0.00277373
    0.00413199
    0.00316709
    0.00439494
    0.00316424
    0.00596486
    0.00545997
    0.00454262
    0.00182998
    0.00272495
    0.00266544
    0.00540735
    0.00271118
    0.00307957
    0.00779066
     0.0045074
    0.00321783
    0.00385449
    0.00459551
    0.00188154
    0.00325532
    0.00297251
    0.00303847
     0.0034998
     0.0039324
    0.00452262
    0.00242962
    0.00383003
    0.00431212
    0.00970935
