               0.5         0.0139313
          0.530612         0.0222881
          0.561224         0.0321056
          0.591837         0.0441539
          0.622449         0.0568036
          0.653061          0.071653
          0.683673         0.0856679
          0.714286          0.100284
          0.744898          0.115195
           0.77551          0.129536
          0.806122          0.144277
          0.836735          0.158433
          0.867347          0.172194
          0.897959           0.18623
          0.928571          0.200067
          0.959184          0.213533
          0.989796           0.22676
           1.02041          0.240408
           1.05102          0.252727
           1.08163          0.265415
           1.11224          0.278059
           1.14286          0.290081
           1.17347          0.302048
           1.20408          0.313444
           1.23469          0.324739
           1.26531          0.335741
           1.29592          0.346798
           1.32653          0.357138
           1.35714          0.367252
           1.38776          0.377276
           1.41837          0.387328
           1.44898          0.396905
           1.47959           0.40622
            1.5102           0.41512
           1.54082          0.424167
           1.57143          0.432566
           1.60204          0.440981
           1.63265          0.449501
           1.66327           0.45753
           1.69388           0.46493
           1.72449          0.472869
            1.7551          0.480344
           1.78571          0.487569
           1.81633          0.494612
           1.84694          0.501562
           1.87755          0.508244
           1.90816          0.514937
           1.93878          0.521472
           1.96939          0.527579
                 2          0.533645
