                 2          0.261789           0.26101       0.000778875
                 2          0.347196           0.34909        0.00189424
                 2           0.42476          0.421586        0.00317336
                 2          0.479329           0.47875       0.000578632
                 2          0.512738          0.511581        0.00115653
                 2          0.524307          0.526203        0.00189567
                 2          0.529681          0.529934       0.000253484
                 2          0.526133          0.523414        0.00271845
                 2          0.513442          0.513906       0.000463575
                 2          0.504922           0.50704        0.00211885
                 2          0.496426          0.495871       0.000555152
                 2          0.488808          0.488228       0.000580657
                 2          0.478663          0.477078        0.00158449
                 2          0.469862          0.470552       0.000689284
                 2          0.461806          0.460836       0.000970012
                 2          0.451038          0.451667       0.000628565
                 2          0.444237           0.44397       0.000266887
                 2          0.434927          0.434411       0.000516417
                 2          0.425176          0.424767       0.000409162
                 2          0.415182          0.415768       0.000586037
                 2          0.406422          0.406317       0.000105289
                 2          0.397298          0.397058       0.000239364
                 2           0.38791          0.387874       3.61939e-05
                 2          0.377537          0.377285       0.000252311
                 2          0.369329          0.369641       0.000311736
                 2          0.360624          0.360352       0.000272376
                 2          0.351908          0.351836       7.28956e-05
                 2          0.342188          0.342521       0.000333003
                 2          0.333174          0.333751       0.000577695
                 2          0.326536          0.326426       0.000109536
                 2          0.317061          0.317075       1.35456e-05
                 2          0.309731          0.309299       0.000432081
                 2          0.301664          0.302088       0.000424328
                 2          0.293698          0.293848       0.000150278
                 2          0.286519          0.286538       1.90247e-05
                 2          0.279327          0.279231       9.60986e-05
                 2          0.272641          0.272705       6.36793e-05
                 2          0.265153           0.26568       0.000526755
                 2          0.258358          0.258308       4.91746e-05
                 2          0.252824          0.252348       0.000476033
                 2           0.24565          0.245853       0.000202479
                 2          0.239676          0.239954       0.000277454
                 2          0.233732          0.234095       0.000362975
                 2          0.228316           0.22858       0.000264462
                 2          0.223383          0.222931       0.000452374
                 2           0.21759          0.217414        0.00017569
                 2          0.212939          0.212613       0.000326407
                 2          0.207264            0.2073        3.5612e-05
                 2          0.202441          0.202114       0.000327223
                 2          0.198004          0.197744       0.000259833
