                 2          -1.00366          -1.00369       3.78848e-05
                 2         -0.994437         -0.994154       0.000283074
                 2         -0.982221         -0.982636       0.000415908
                 2          -0.96832          -0.96832       2.20517e-07
                 2         -0.952797         -0.953134       0.000337144
                 2         -0.937573         -0.937467       0.000106626
                 2         -0.920639          -0.92098       0.000341308
                 2         -0.905422          -0.90509        0.00033187
                 2         -0.889361         -0.889162        0.00019984
                 2         -0.873058         -0.873345       0.000287093
                 2         -0.858206         -0.858209       3.81921e-06
                 2         -0.843478         -0.843308       0.000170332
                 2         -0.828411         -0.828478       6.69216e-05
                 2         -0.813595         -0.813764       0.000168985
                 2         -0.799224         -0.799443       0.000219345
                 2         -0.785212         -0.785416       0.000204143
                 2         -0.771676         -0.771835       0.000159753
                 2         -0.758519         -0.758405       0.000114034
                 2         -0.745154         -0.745314        0.00015999
                 2         -0.732209         -0.732313       0.000104086
                 2          -0.72015         -0.719928       0.000221177
                 2         -0.707598           -0.7078       0.000201422
                 2         -0.695553         -0.695534       1.94032e-05
                 2         -0.683902         -0.683793       0.000108303
                 2         -0.672607         -0.672457        0.00014997
                 2         -0.661608         -0.661388       0.000220267
                 2         -0.650536         -0.650407       0.000128074
                 2         -0.639845          -0.63983       1.45592e-05
                 2         -0.629223         -0.629425       0.000202118
                 2         -0.619578          -0.61945       0.000128021
                 2         -0.609483         -0.609498       1.49476e-05
                 2         -0.599955         -0.599955       3.69612e-07
                 2         -0.590627         -0.590571       5.59724e-05
                 2          -0.58157         -0.581423       0.000146988
                 2         -0.572471         -0.572669       0.000198522
                 2         -0.564021         -0.563877       0.000143146
                 2         -0.555526         -0.555659       0.000133578
                 2         -0.547283         -0.547178       0.000104966
                 2         -0.539108         -0.539102        5.3224e-06
                 2         -0.531537         -0.531482       5.53136e-05
                 2         -0.523791         -0.523745       4.68312e-05
                 2         -0.516203         -0.516153       4.92844e-05
                 2          -0.50898         -0.508916       6.36068e-05
                 2         -0.502067         -0.501951       0.000115665
                 2         -0.494962         -0.494988       2.57152e-05
                 2         -0.488222         -0.488255       3.32376e-05
                 2         -0.481827         -0.481855       2.77776e-05
                 2         -0.475319         -0.475337       1.78572e-05
                 2         -0.469004         -0.469029       2.49788e-05
                 2         -0.462851          -0.46284       1.08148e-05
