                 2          0.891004          0.891084         8.024e-05
                 2          0.838499          0.835398        0.00310172
                 2          0.764843          0.772312        0.00746938
                 2          0.690175          0.693086        0.00291102
                 2          0.613048          0.615109         0.0020612
                 2          0.543074          0.545093        0.00201872
                 2          0.470328          0.474546        0.00421738
                 2          0.416309           0.41618        0.00012952
                 2          0.367042             0.365        0.00204198
                 2          0.320605          0.322702        0.00209666
                 2          0.284878          0.284751        0.00012704
                 2          0.255828          0.253237        0.00259062
                 2          0.227436          0.227578        0.00014208
                 2          0.200673          0.198722        0.00195076
                 2          0.178619          0.180545        0.00192526
                 2          0.163165          0.164826        0.00166116
                 2          0.150595          0.150736        0.00014164
                 2          0.138904          0.137547        0.00135772
                 2          0.126064           0.12666        0.00059548
                 2          0.116468          0.116102        0.00036568
                 2          0.109103            0.1081        0.00100284
                 2         0.0991746         0.0997018        0.00052712
                 2         0.0947922          0.093244        0.00154816
                 2         0.0860409         0.0864178        0.00037686
                 2          0.081235         0.0806945        0.00054052
                 2          0.077818         0.0768327        0.00098534
                 2         0.0727175         0.0718498        0.00086772
                 2         0.0684176         0.0678276        0.00058996
                 2         0.0640861          0.064536        0.00044988
                 2         0.0603945         0.0608574        0.00046296
                 2         0.0572252         0.0574386        0.00021338
                 2          0.055252         0.0545425        0.00070952
                 2         0.0523923         0.0522297        0.00016262
                 2         0.0501557         0.0497723        0.00038338
                 2         0.0476917         0.0474918         0.0001999
                 2         0.0453591         0.0451738        0.00018532
                 2         0.0430816         0.0434405         0.0003589
                 2         0.0429248         0.0425925         0.0003323
                 2         0.0400678         0.0400357         3.212e-05
                 2          0.038707         0.0383413        0.00036568
                 2         0.0372849         0.0374314        0.00014644
                 2         0.0344437         0.0351595        0.00071578
                 2         0.0343887         0.0342043        0.00018434
                 2          0.033647         0.0333197        0.00032726
                 2         0.0320317         0.0318714        0.00016024
                 2         0.0311155         0.0308774        0.00023812
                 2         0.0294152         0.0295781        0.00016288
                 2         0.0287946         0.0289374        0.00014286
                 2         0.0280232         0.0276061        0.00041706
                 2          0.026721         0.0270762        0.00035526
