                 2           90.4313           90.4647         0.0334787
                 2           79.9906           79.8674          0.123181
                 2           69.4118           69.6403          0.228554
                 2           59.3558           59.2403          0.115464
                 2           49.9154           50.0744          0.159057
                 2           42.1552           42.0281          0.127153
                 2           34.8952           35.0384           0.14315
                 2           29.6301           29.4187           0.21144
                 2           24.8639           24.8179         0.0460579
                 2           20.9416           21.0438          0.102237
                 2           18.1193           18.0907         0.0286414
                 2           15.7279           15.6703         0.0576107
                 2           13.6935            13.657         0.0365469
                 2             11.95           11.9669          0.016921
                 2           10.5762           10.5923         0.0161538
                 2           9.38714           9.41161          0.024476
                 2           8.49472           8.51913         0.0244097
                 2           7.69202           7.67996         0.0120567
                 2           7.01057           7.00447        0.00610355
                 2           6.37686           6.38107        0.00420379
                 2           5.89179           5.88361        0.00818748
                 2           5.40624           5.41073         0.0044954
                 2           5.00705            4.9891         0.0179573
                 2           4.63046           4.62273        0.00772914
                 2           4.31901            4.3171        0.00190402
                 2            4.0475            4.0391         0.0084004
                 2           3.78113            3.7788        0.00232564
                 2           3.55187           3.55502        0.00314909
                 2            3.3376           3.34727        0.00966654
                 2           3.16487           3.16236        0.00250696
                 2           2.98327            2.9866        0.00332921
                 2           2.83853           2.83887       0.000337948
                 2           2.69473           2.69755        0.00282129
                 2            2.5558           2.55757        0.00177065
                 2           2.44154           2.44198       0.000434601
                 2           2.33712           2.33013        0.00698946
                 2           2.22805           2.22984        0.00179014
                 2           2.13079           2.13154       0.000744726
                 2           2.04425           2.04423       2.60211e-05
                 2           1.96221            1.9632       0.000991618
                 2           1.88633           1.88672       0.000397196
                 2           1.81533           1.81202        0.00331406
                 2           1.74562           1.74617       0.000543894
                 2           1.68548           1.68348        0.00199447
                 2            1.6253           1.62508       0.000213456
                 2           1.56908           1.56832       0.000759031
                 2           1.51764           1.51852       0.000881602
                 2           1.46409           1.46436       0.000275576
                 2           1.41948           1.41995        0.00046847
                 2           1.37798           1.37791         7.162e-05
