0.0511269 0.101693
0.044726 -0.466547
0.368845 -0.357331
0.119774 0.163757
-0.479583 0.294135
-0.890912 0.328951
0.527926 0.729641
-0.265942 0.125314
0.286336 -0.737115
-0.93299 0.496661
0.128094 -0.418657
0.84842 -0.9139
0.256658 -0.791523
-0.640088 0.805506
-0.527452 0.305017
0.938739 0.303248
-0.286107 0.656227
-0.367942 0.0161431
0.521688 0.381266
0.540791 -0.983698
0.902734 -0.210965
0.082319 0.341719
0.884331 0.651745
0.559926 0.550653
0.227255 0.297267
0.560011 0.148277
-0.286061 -0.529956
-0.820354 -0.460261
0.294117 0.115554
0.457774 0.84522
-0.590685 -0.121413
0.952874 0.160578
-0.65907 -0.559486
-0.721693 0.264838
