-0.953426 0.301626
-0.133256 -0.991082
-0.491965 0.870615
0.20629 -0.978491
0.5609 0.827883
-0.315908 0.94879
-0.948023 0.318202
0.565886 0.824483
-0.0971475 0.99527
0.652059 -0.758168
0.4002 -0.916428
0.118536 0.99295
0.99998 -0.0063498
0.286572 -0.958059
0.510751 -0.859729
-0.588436 -0.808544
0.123447 0.992351
-0.200013 0.979793
-0.994036 -0.109053
-0.744489 0.667634
-0.271043 0.962567
-0.364984 -0.931014
0.987202 -0.159477
-0.758914 -0.651191
0.326538 -0.945184
-0.434354 0.900742
-0.500535 0.865716
-0.535512 0.844527
0.984863 -0.173333
-0.703061 0.71113
0.98334 -0.181778
0.976606 -0.215037
-0.611134 0.791527
0.0775289 0.99699
